osu file format v14

[General]
AudioFilename: audio.mp3
AudioLeadIn: 0
PreviewTime: 174478
Countdown: 0
SampleSet: Normal
StackLeniency: 0.7
Mode: 3
LetterboxInBreaks: 0
SpecialStyle: 0
WidescreenStoryboard: 0

[Editor]
DistanceSpacing: 0.7
BeatDivisor: 8
GridSize: 32
TimelineZoom: 3.499999

[Metadata]
Title:This Future (we didn't expect)
TitleUnicode:This Future (we didn't expect)
Artist:Camellia
ArtistUnicode:かめりあ
Creator:QwertYui345
Version:Towards the Horizon's Whereabouts
Source:
Tags:electronic japanese featured artist fa cametek kamelcamellia かめるかめりあ ooya masaya 大箭将也 Heart of Android CTCD-018 mappers' guild mpg mg Comiket 95 C95 Comic Market 95 コミケット95 コミックマーケット95 Future bass long notes ln
BeatmapID:5267786
BeatmapSetID:2421444

[Difficulty]
HPDrainRate:8
CircleSize:4
OverallDifficulty:7.7
ApproachRate:5
SliderMultiplier:1.4
SliderTickRate:1

[Events]
//Background and Video events
0,0,"2836fd9199bb9d3a0db2f758c49b500.jpg",0,0
//Break Periods
//Storyboard Layer 0 (Background)
//Storyboard Layer 1 (Fail)
//Storyboard Layer 2 (Pass)
//Storyboard Layer 3 (Foreground)
//Storyboard Layer 4 (Overlay)
//Storyboard Sound Samples

[TimingPoints]
4645,333.333333333333,4,1,1,65,1,0
175311,-100,4,1,1,65,0,1
191311,-100,4,1,1,65,0,0
196644,-100,4,1,1,65,0,1
212311,-100,4,1,1,65,0,0
218311,-100,4,1,1,65,0,1
238644,-100,4,1,1,65,0,0


[HitObjects]
192,192,4478,128,0,4561:0:0:0:0:
64,192,4561,128,0,4644:0:0:0:0:
448,192,4644,128,0,4811:0:0:0:0:
192,192,4811,128,0,4978:0:0:0:0:
448,192,4978,128,0,5144:0:0:0:0:
64,192,5144,128,0,5311:0:0:0:0:
448,192,5478,1,0,0:0:0:0:
320,192,5644,1,0,0:0:0:0:
448,192,5811,1,0,0:0:0:0:
64,192,6144,128,0,6228:0:0:0:0:
320,192,6311,128,0,6394:0:0:0:0:
448,192,6353,128,0,6436:0:0:0:0:
64,192,6478,1,0,0:0:0:0:
320,192,6644,128,0,6728:0:0:0:0:
448,192,6686,128,0,6769:0:0:0:0:
192,192,6811,128,0,6894:0:0:0:0:
64,192,6853,128,0,6936:0:0:0:0:
320,192,7144,128,0,7228:0:0:0:0:
192,192,7186,128,0,7269:0:0:0:0:
320,192,7478,128,0,7644:0:0:0:0:
192,192,7644,128,0,7811:0:0:0:0:
64,192,7811,128,0,8144:0:0:0:0:
448,192,8144,1,0,0:0:0:0:
320,192,8311,1,0,0:0:0:0:
448,192,8478,1,0,0:0:0:0:
192,192,8811,128,0,8894:0:0:0:0:
448,192,8978,128,0,9061:0:0:0:0:
320,192,9019,128,0,9103:0:0:0:0:
64,192,9144,1,0,0:0:0:0:
320,192,9311,128,0,9394:0:0:0:0:
448,192,9353,128,0,9436:0:0:0:0:
64,192,9478,128,0,9561:0:0:0:0:
192,192,9519,128,0,9603:0:0:0:0:
320,192,9811,128,0,9894:0:0:0:0:
192,192,9894,1,0,0:0:0:0:
64,192,9936,1,0,0:0:0:0:
448,192,9978,128,0,10144:0:0:0:0:
192,192,10144,128,0,10311:0:0:0:0:
448,192,10311,128,0,10478:0:0:0:0:
64,192,10478,128,0,10644:0:0:0:0:
448,192,10811,1,0,0:0:0:0:
320,192,10978,1,0,0:0:0:0:
448,192,11144,1,0,0:0:0:0:
192,192,11644,128,0,11728:0:0:0:0:
320,192,11978,128,0,12061:0:0:0:0:
448,192,12019,128,0,12103:0:0:0:0:
192,192,12144,128,0,12228:0:0:0:0:
320,192,12186,128,0,12269:0:0:0:0:
64,192,12311,1,0,0:0:0:0:
192,192,12478,1,0,0:0:0:0:
64,192,12644,128,0,12894:0:0:0:0:
448,192,12644,128,0,12728:0:0:0:0:
192,192,12728,1,0,0:0:0:0:
320,192,12769,1,0,0:0:0:0:
448,192,12811,1,0,0:0:0:0:
192,192,12894,1,0,0:0:0:0:
320,192,12978,1,0,0:0:0:0:
448,192,13103,1,0,0:0:0:0:
192,192,13228,1,0,0:0:0:0:
448,192,13311,128,0,13561:0:0:0:0:
320,192,13311,128,0,13478:0:0:0:0:
64,192,13394,1,0,0:0:0:0:
192,192,13561,1,0,0:0:0:0:
320,192,13644,1,0,0:0:0:0:
448,192,13728,1,0,0:0:0:0:
192,192,13811,1,0,0:0:0:0:
64,192,13811,1,0,0:0:0:0:
448,192,13894,1,0,0:0:0:0:
64,192,13978,128,0,14061:0:0:0:0:
192,192,13978,128,0,14061:0:0:0:0:
320,192,14061,1,0,0:0:0:0:
64,192,14144,1,0,0:0:0:0:
192,192,14186,1,0,0:0:0:0:
320,192,14228,128,0,14394:0:0:0:0:
448,192,14228,128,0,14311:0:0:0:0:
192,192,14311,128,0,14478:0:0:0:0:
64,192,14394,128,0,14561:0:0:0:0:
320,192,14478,1,0,0:0:0:0:
448,192,14478,128,0,14561:0:0:0:0:
320,192,14644,128,0,14811:0:0:0:0:
192,192,14811,128,0,14978:0:0:0:0:
448,192,14978,128,0,15144:0:0:0:0:
64,192,15144,128,0,15644:0:0:0:0:
320,192,15311,1,0,0:0:0:0:
192,192,15311,1,0,0:0:0:0:
448,192,15394,128,0,15644:0:0:0:0:
192,192,16478,1,0,0:0:0:0:
64,192,16478,1,0,0:0:0:0:
320,192,16561,128,0,16811:0:0:0:0:
64,192,16811,1,0,0:0:0:0:
448,192,16811,1,0,0:0:0:0:
64,192,17061,1,0,0:0:0:0:
192,192,17061,128,0,17144:0:0:0:0:
448,192,17144,128,0,17228:0:0:0:0:
64,192,17311,1,0,0:0:0:0:
448,192,17311,128,0,17478:0:0:0:0:
320,192,17353,1,0,0:0:0:0:
192,192,17478,128,0,17561:0:0:0:0:
192,192,17644,128,0,17728:0:0:0:0:
320,192,17811,128,0,17894:0:0:0:0:
448,192,17811,1,0,0:0:0:0:
64,192,17894,128,0,18144:0:0:0:0:
320,192,17978,128,0,18061:0:0:0:0:
448,192,18144,128,0,18561:0:0:0:0:
192,192,18144,1,0,0:0:0:0:
64,192,18311,1,0,0:0:0:0:
192,192,18311,1,0,0:0:0:0:
64,192,18644,1,0,0:0:0:0:
448,192,18644,1,0,0:0:0:0:
192,192,18686,1,0,0:0:0:0:
192,192,18978,1,0,0:0:0:0:
64,192,19061,1,0,0:0:0:0:
448,192,19144,1,0,0:0:0:0:
320,192,19144,1,0,0:0:0:0:
192,192,19228,1,0,0:0:0:0:
320,192,19311,1,0,0:0:0:0:
448,192,19394,1,0,0:0:0:0:
192,192,19478,1,0,0:0:0:0:
64,192,19478,1,0,0:0:0:0:
320,192,19561,1,0,0:0:0:0:
448,192,19644,128,0,19728:0:0:0:0:
192,192,19728,1,0,0:0:0:0:
64,192,19728,128,0,19894:0:0:0:0:
448,192,19811,128,0,19894:0:0:0:0:
192,192,19978,128,0,20144:0:0:0:0:
64,192,20019,1,0,0:0:0:0:
320,192,20144,128,0,20311:0:0:0:0:
192,192,20228,1,0,0:0:0:0:
64,192,20228,1,0,0:0:0:0:
448,192,20311,128,0,20478:0:0:0:0:
320,192,20478,1,0,0:0:0:0:
64,192,20478,128,0,20978:0:0:0:0:
320,192,20644,1,0,0:0:0:0:
192,192,20644,1,0,0:0:0:0:
448,192,20728,128,0,20978:0:0:0:0:
192,192,20978,1,0,0:0:0:0:
448,192,21311,1,0,0:0:0:0:
64,192,21311,1,0,0:0:0:0:
320,192,21353,1,0,0:0:0:0:
192,192,21811,1,0,0:0:0:0:
320,192,21811,1,0,0:0:0:0:
64,192,21894,128,0,22144:0:0:0:0:
320,192,22144,1,0,0:0:0:0:
448,192,22144,1,0,0:0:0:0:
448,192,22311,1,0,0:0:0:0:
192,192,22394,1,0,0:0:0:0:
64,192,22394,1,0,0:0:0:0:
320,192,22478,128,0,22561:0:0:0:0:
192,192,22561,128,0,22644:0:0:0:0:
64,192,22644,1,0,0:0:0:0:
448,192,22644,128,0,22811:0:0:0:0:
320,192,22686,1,0,0:0:0:0:
192,192,22811,128,0,22978:0:0:0:0:
64,192,22978,128,0,23144:0:0:0:0:
448,192,23144,1,0,0:0:0:0:
320,192,23144,128,0,23311:0:0:0:0:
192,192,23228,128,0,23478:0:0:0:0:
64,192,23311,128,0,23478:0:0:0:0:
448,192,23478,128,0,24061:0:0:0:0:
320,192,23478,1,0,0:0:0:0:
192,192,23644,1,0,0:0:0:0:
64,192,23644,1,0,0:0:0:0:
192,192,23978,1,0,0:0:0:0:
64,192,24019,1,0,0:0:0:0:
320,192,24144,128,0,24311:0:0:0:0:
448,192,24311,128,0,24478:0:0:0:0:
192,192,24478,1,0,0:0:0:0:
64,192,24478,1,0,0:0:0:0:
320,192,24561,128,0,24811:0:0:0:0:
192,192,24644,1,0,0:0:0:0:
192,192,24811,1,0,0:0:0:0:
448,192,24811,1,0,0:0:0:0:
64,192,24894,128,0,25061:0:0:0:0:
320,192,25061,1,0,0:0:0:0:
448,192,25061,1,0,0:0:0:0:
448,192,25311,1,0,0:0:0:0:
64,192,25311,128,0,25561:0:0:0:0:
192,192,25353,1,0,0:0:0:0:
448,192,25561,1,0,0:0:0:0:
320,192,25561,1,0,0:0:0:0:
192,192,25644,128,0,25811:0:0:0:0:
320,192,25811,128,0,26144:0:0:0:0:
448,192,25811,1,0,0:0:0:0:
192,192,25978,1,0,0:0:0:0:
64,192,25978,1,0,0:0:0:0:
448,192,26061,128,0,26311:0:0:0:0:
64,192,26144,128,0,26311:0:0:0:0:
192,192,26478,128,0,26811:0:0:0:0:
320,192,26811,128,0,27144:0:0:0:0:
448,192,27144,128,0,27311:0:0:0:0:
192,192,27144,1,0,0:0:0:0:
64,192,27228,128,0,27478:0:0:0:0:
192,192,27311,1,0,0:0:0:0:
448,192,27478,1,0,0:0:0:0:
320,192,27478,128,0,27894:0:0:0:0:
192,192,27728,1,0,0:0:0:0:
64,192,27728,1,0,0:0:0:0:
448,192,27978,1,0,0:0:0:0:
64,192,27978,1,0,0:0:0:0:
320,192,28019,1,0,0:0:0:0:
192,192,28311,128,0,28478:0:0:0:0:
64,192,28478,1,0,0:0:0:0:
320,192,28478,1,0,0:0:0:0:
448,192,28561,128,0,28811:0:0:0:0:
320,192,28811,128,0,28978:0:0:0:0:
64,192,28811,1,0,0:0:0:0:
192,192,28978,128,0,29144:0:0:0:0:
448,192,28978,1,0,0:0:0:0:
64,192,29144,128,0,29311:0:0:0:0:
320,192,29144,1,0,0:0:0:0:
448,192,29311,1,0,0:0:0:0:
320,192,29311,1,0,0:0:0:0:
192,192,29353,1,0,0:0:0:0:
320,192,29478,128,0,29644:0:0:0:0:
192,192,29644,128,0,29811:0:0:0:0:
64,192,29811,1,0,0:0:0:0:
448,192,29811,128,0,30228:0:0:0:0:
192,192,30144,1,0,0:0:0:0:
64,192,30144,1,0,0:0:0:0:
448,192,30311,128,0,30394:0:0:0:0:
192,192,30394,1,0,0:0:0:0:
64,192,30394,1,0,0:0:0:0:
320,192,30478,128,0,30561:0:0:0:0:
64,192,30644,1,0,0:0:0:0:
448,192,30644,1,0,0:0:0:0:
320,192,30686,1,0,0:0:0:0:
192,192,30728,1,0,0:0:0:0:
64,192,30811,1,0,0:0:0:0:
192,192,30894,1,0,0:0:0:0:
320,192,30894,1,0,0:0:0:0:
448,192,30978,128,0,31061:0:0:0:0:
64,192,31061,1,0,0:0:0:0:
448,192,31144,128,0,31311:0:0:0:0:
192,192,31144,1,0,0:0:0:0:
192,192,31311,1,0,0:0:0:0:
64,192,31311,128,0,31478:0:0:0:0:
320,192,31478,128,0,31644:0:0:0:0:
64,192,31644,128,0,31894:0:0:0:0:
192,192,31728,1,0,0:0:0:0:
320,192,31811,1,0,0:0:0:0:
64,192,31978,1,0,0:0:0:0:
448,192,31978,1,0,0:0:0:0:
192,192,32019,1,0,0:0:0:0:
448,192,32186,1,0,0:0:0:0:
320,192,32228,1,0,0:0:0:0:
192,192,32269,1,0,0:0:0:0:
64,192,32311,1,0,0:0:0:0:
448,192,32311,128,0,32644:0:0:0:0:
192,192,32478,1,0,0:0:0:0:
64,192,32478,1,0,0:0:0:0:
320,192,32644,128,0,32811:0:0:0:0:
192,192,32728,1,0,0:0:0:0:
448,192,32811,1,0,0:0:0:0:
64,192,32811,128,0,32978:0:0:0:0:
448,192,32978,1,0,0:0:0:0:
320,192,32978,128,0,33061:0:0:0:0:
192,192,33061,1,0,0:0:0:0:
64,192,33061,1,0,0:0:0:0:
320,192,33186,1,0,0:0:0:0:
192,192,33228,1,0,0:0:0:0:
64,192,33269,1,0,0:0:0:0:
448,192,33311,1,0,0:0:0:0:
320,192,33311,1,0,0:0:0:0:
192,192,33478,128,0,33644:0:0:0:0:
320,192,33644,128,0,33728:0:0:0:0:
64,192,33644,1,0,0:0:0:0:
448,192,33811,1,0,0:0:0:0:
320,192,33811,128,0,34144:0:0:0:0:
64,192,33894,1,0,0:0:0:0:
192,192,33978,1,0,0:0:0:0:
64,192,34144,1,0,0:0:0:0:
192,192,34144,128,0,34478:0:0:0:0:
448,192,34311,1,0,0:0:0:0:
320,192,34311,1,0,0:0:0:0:
64,192,34394,1,0,0:0:0:0:
320,192,34478,1,0,0:0:0:0:
64,192,34644,1,0,0:0:0:0:
448,192,34644,1,0,0:0:0:0:
320,192,34686,1,0,0:0:0:0:
64,192,34853,1,0,0:0:0:0:
192,192,34894,1,0,0:0:0:0:
320,192,34936,1,0,0:0:0:0:
64,192,34978,1,0,0:0:0:0:
448,192,34978,128,0,35144:0:0:0:0:
64,192,35144,1,0,0:0:0:0:
192,192,35144,1,0,0:0:0:0:
192,192,35311,128,0,35478:0:0:0:0:
320,192,35311,1,0,0:0:0:0:
448,192,35353,1,0,0:0:0:0:
320,192,35478,128,0,35728:0:0:0:0:
64,192,35478,1,0,0:0:0:0:
448,192,35644,1,0,0:0:0:0:
192,192,35728,1,0,0:0:0:0:
64,192,35728,1,0,0:0:0:0:
320,192,35811,128,0,36144:0:0:0:0:
64,192,35978,1,0,0:0:0:0:
448,192,35978,1,0,0:0:0:0:
64,192,36144,128,0,36478:0:0:0:0:
320,192,36228,1,0,0:0:0:0:
448,192,36228,1,0,0:0:0:0:
192,192,36478,128,0,36811:0:0:0:0:
320,192,36478,1,0,0:0:0:0:
320,192,36644,1,0,0:0:0:0:
448,192,36644,1,0,0:0:0:0:
64,192,36644,1,0,0:0:0:0:
448,192,36811,128,0,36978:0:0:0:0:
64,192,36978,128,0,37311:0:0:0:0:
320,192,37644,128,0,37811:0:0:0:0:
320,192,37978,128,0,38311:0:0:0:0:
192,192,38311,128,0,38478:0:0:0:0:
448,192,38478,128,0,38644:0:0:0:0:
320,192,38644,128,0,38811:0:0:0:0:
192,192,38811,128,0,38978:0:0:0:0:
64,192,38978,128,0,39144:0:0:0:0:
320,192,39144,128,0,39644:0:0:0:0:
320,192,40311,128,0,40644:0:0:0:0:
192,192,40644,128,0,40978:0:0:0:0:
320,192,40978,128,0,41144:0:0:0:0:
64,192,41144,128,0,41311:0:0:0:0:
192,192,41311,128,0,41394:0:0:0:0:
192,192,41478,128,0,41644:0:0:0:0:
448,192,41644,128,0,41811:0:0:0:0:
64,192,41811,128,0,42311:0:0:0:0:
320,192,42978,128,0,43311:0:0:0:0:
64,192,43311,128,0,43644:0:0:0:0:
320,192,43644,128,0,43811:0:0:0:0:
64,192,43811,128,0,43978:0:0:0:0:
192,192,43978,128,0,44144:0:0:0:0:
320,192,44144,128,0,44311:0:0:0:0:
64,192,44311,128,0,44478:0:0:0:0:
448,192,44478,128,0,44811:0:0:0:0:
192,192,44811,128,0,45144:0:0:0:0:
320,192,45144,128,0,45478:0:0:0:0:
192,192,45644,128,0,45978:0:0:0:0:
320,192,45978,128,0,46144:0:0:0:0:
64,192,46144,128,0,46311:0:0:0:0:
192,192,46311,128,0,46478:0:0:0:0:
448,192,46478,128,0,46811:0:0:0:0:
192,192,46811,128,0,47144:0:0:0:0:
320,192,47144,128,0,47311:0:0:0:0:
192,192,47311,1,0,0:0:0:0:
64,192,47311,1,0,0:0:0:0:
448,192,47311,1,0,0:0:0:0:
192,192,47478,1,0,0:0:0:0:
320,192,47644,1,0,0:0:0:0:
192,192,47644,1,0,0:0:0:0:
448,192,47811,1,0,0:0:0:0:
64,192,47811,1,0,0:0:0:0:
320,192,47978,1,0,0:0:0:0:
448,192,47978,1,0,0:0:0:0:
64,192,47978,1,0,0:0:0:0:
192,192,48144,1,0,0:0:0:0:
320,192,48228,1,0,0:0:0:0:
448,192,48228,1,0,0:0:0:0:
192,192,48311,1,0,0:0:0:0:
64,192,48311,1,0,0:0:0:0:
448,192,48478,1,0,0:0:0:0:
320,192,48478,1,0,0:0:0:0:
192,192,48644,1,0,0:0:0:0:
64,192,48644,1,0,0:0:0:0:
448,192,48644,1,0,0:0:0:0:
192,192,48811,1,0,0:0:0:0:
320,192,48894,1,0,0:0:0:0:
192,192,48978,1,0,0:0:0:0:
64,192,48978,1,0,0:0:0:0:
320,192,49061,1,0,0:0:0:0:
448,192,49144,1,0,0:0:0:0:
192,192,49228,1,0,0:0:0:0:
320,192,49311,1,0,0:0:0:0:
448,192,49311,1,0,0:0:0:0:
64,192,49311,1,0,0:0:0:0:
192,192,49478,1,0,0:0:0:0:
320,192,49561,1,0,0:0:0:0:
448,192,49561,1,0,0:0:0:0:
192,192,49644,1,0,0:0:0:0:
64,192,49644,1,0,0:0:0:0:
448,192,49811,1,0,0:0:0:0:
320,192,49811,1,0,0:0:0:0:
192,192,49978,1,0,0:0:0:0:
64,192,49978,1,0,0:0:0:0:
448,192,49978,1,0,0:0:0:0:
192,192,50144,1,0,0:0:0:0:
320,192,50311,1,0,0:0:0:0:
192,192,50311,1,0,0:0:0:0:
448,192,50478,1,0,0:0:0:0:
64,192,50478,1,0,0:0:0:0:
320,192,50644,1,0,0:0:0:0:
448,192,50644,1,0,0:0:0:0:
64,192,50644,1,0,0:0:0:0:
192,192,50811,1,0,0:0:0:0:
320,192,50894,1,0,0:0:0:0:
448,192,50894,1,0,0:0:0:0:
192,192,50978,1,0,0:0:0:0:
64,192,50978,1,0,0:0:0:0:
448,192,51144,1,0,0:0:0:0:
320,192,51144,1,0,0:0:0:0:
192,192,51311,1,0,0:0:0:0:
64,192,51311,1,0,0:0:0:0:
448,192,51311,1,0,0:0:0:0:
192,192,51478,1,0,0:0:0:0:
320,192,51561,1,0,0:0:0:0:
192,192,51644,1,0,0:0:0:0:
64,192,51644,1,0,0:0:0:0:
320,192,51728,1,0,0:0:0:0:
448,192,51811,1,0,0:0:0:0:
192,192,51894,1,0,0:0:0:0:
320,192,51978,1,0,0:0:0:0:
448,192,51978,1,0,0:0:0:0:
64,192,51978,1,0,0:0:0:0:
192,192,52144,1,0,0:0:0:0:
320,192,52228,1,0,0:0:0:0:
448,192,52228,1,0,0:0:0:0:
192,192,52311,1,0,0:0:0:0:
64,192,52311,1,0,0:0:0:0:
448,192,52478,1,0,0:0:0:0:
320,192,52478,1,0,0:0:0:0:
192,192,52644,1,0,0:0:0:0:
64,192,52644,1,0,0:0:0:0:
448,192,52644,1,0,0:0:0:0:
192,192,52811,1,0,0:0:0:0:
320,192,52811,1,0,0:0:0:0:
64,192,52978,1,0,0:0:0:0:
448,192,52978,1,0,0:0:0:0:
320,192,52978,1,0,0:0:0:0:
448,192,53144,1,0,0:0:0:0:
192,192,53144,1,0,0:0:0:0:
64,192,53311,1,0,0:0:0:0:
448,192,53311,1,0,0:0:0:0:
320,192,53311,1,0,0:0:0:0:
320,192,53478,1,0,0:0:0:0:
192,192,53478,1,0,0:0:0:0:
64,192,53644,1,0,0:0:0:0:
448,192,53644,1,0,0:0:0:0:
192,192,53644,1,0,0:0:0:0:
320,192,53811,1,0,0:0:0:0:
64,192,53811,1,0,0:0:0:0:
192,192,53978,1,0,0:0:0:0:
64,192,53978,1,0,0:0:0:0:
448,192,53978,1,0,0:0:0:0:
192,192,54144,1,0,0:0:0:0:
320,192,54144,1,0,0:0:0:0:
64,192,54311,1,0,0:0:0:0:
448,192,54311,1,0,0:0:0:0:
320,192,54311,1,0,0:0:0:0:
448,192,54478,1,0,0:0:0:0:
192,192,54478,1,0,0:0:0:0:
64,192,54644,1,0,0:0:0:0:
448,192,54644,1,0,0:0:0:0:
320,192,54644,1,0,0:0:0:0:
320,192,54811,1,0,0:0:0:0:
192,192,54811,1,0,0:0:0:0:
64,192,54978,1,0,0:0:0:0:
448,192,54978,1,0,0:0:0:0:
192,192,54978,1,0,0:0:0:0:
192,192,55144,1,0,0:0:0:0:
320,192,55144,1,0,0:0:0:0:
64,192,55311,5,0,0:0:0:0:
448,192,55311,1,0,0:0:0:0:
320,192,55394,1,0,0:0:0:0:
64,192,55478,1,0,0:0:0:0:
192,192,55478,1,0,0:0:0:0:
320,192,55561,1,0,0:0:0:0:
64,192,55644,1,0,0:0:0:0:
448,192,55644,1,0,0:0:0:0:
192,192,55728,1,0,0:0:0:0:
448,192,55811,1,0,0:0:0:0:
320,192,55811,1,0,0:0:0:0:
192,192,55894,1,0,0:0:0:0:
448,192,55978,1,0,0:0:0:0:
64,192,55978,1,0,0:0:0:0:
320,192,56061,1,0,0:0:0:0:
64,192,56144,1,0,0:0:0:0:
192,192,56144,1,0,0:0:0:0:
320,192,56228,1,0,0:0:0:0:
64,192,56311,1,0,0:0:0:0:
448,192,56311,1,0,0:0:0:0:
192,192,56394,1,0,0:0:0:0:
448,192,56478,1,0,0:0:0:0:
320,192,56478,1,0,0:0:0:0:
192,192,56561,1,0,0:0:0:0:
320,192,56644,1,0,0:0:0:0:
448,192,56644,1,0,0:0:0:0:
64,192,56686,1,0,0:0:0:0:
192,192,56894,1,0,0:0:0:0:
320,192,56894,1,0,0:0:0:0:
448,192,56936,1,0,0:0:0:0:
64,192,57144,1,0,0:0:0:0:
192,192,57144,1,0,0:0:0:0:
320,192,57186,1,0,0:0:0:0:
448,192,57311,128,0,57394:0:0:0:0:
64,192,57311,1,0,0:0:0:0:
320,192,57394,128,0,57478:0:0:0:0:
192,192,57478,128,0,57561:0:0:0:0:
64,192,57561,128,0,57644:0:0:0:0:
448,192,57644,128,0,57728:0:0:0:0:
192,192,57728,128,0,57811:0:0:0:0:
320,192,57811,128,0,57894:0:0:0:0:
64,192,57894,128,0,57978:0:0:0:0:
448,192,57978,128,0,58061:0:0:0:0:
320,192,57978,128,0,58061:0:0:0:0:
192,192,57978,128,0,58172:0:0:0:0:
64,192,58061,128,0,58228:0:0:0:0:
448,192,58144,128,0,58256:0:0:0:0:
320,192,58200,128,0,58311:0:0:0:0:
192,192,58311,128,0,58394:0:0:0:0:
448,192,58394,128,0,58478:0:0:0:0:
192,192,58478,128,0,58561:0:0:0:0:
448,192,58561,128,0,58644:0:0:0:0:
192,192,58644,1,0,0:0:0:0:
64,192,58644,128,0,58811:0:0:0:0:
320,192,58811,1,0,0:0:0:0:
192,192,58894,128,0,59061:0:0:0:0:
64,192,58978,128,0,59061:0:0:0:0:
448,192,59061,1,0,0:0:0:0:
64,192,59144,128,0,59228:0:0:0:0:
192,192,59144,128,0,59228:0:0:0:0:
320,192,59144,128,0,59339:0:0:0:0:
448,192,59228,128,0,59394:0:0:0:0:
192,192,59311,128,0,59422:0:0:0:0:
64,192,59367,128,0,59478:0:0:0:0:
448,192,59478,128,0,59561:0:0:0:0:
320,192,59478,128,0,59644:0:0:0:0:
192,192,59644,128,0,59811:0:0:0:0:
64,192,59728,128,0,59978:0:0:0:0:
448,192,59728,128,0,59811:0:0:0:0:
192,192,59894,128,0,59978:0:0:0:0:
320,192,59978,1,0,0:0:0:0:
448,192,59978,1,0,0:0:0:0:
448,192,60089,1,0,0:0:0:0:
192,192,60200,1,0,0:0:0:0:
192,192,60311,1,0,0:0:0:0:
448,192,60478,128,0,60561:0:0:0:0:
192,192,60478,128,0,60672:0:0:0:0:
320,192,60478,128,0,60561:0:0:0:0:
64,192,60561,128,0,60728:0:0:0:0:
448,192,60644,128,0,60756:0:0:0:0:
320,192,60700,128,0,60811:0:0:0:0:
64,192,60811,128,0,60894:0:0:0:0:
192,192,60811,128,0,60894:0:0:0:0:
320,192,60894,128,0,60978:0:0:0:0:
192,192,60978,128,0,61061:0:0:0:0:
448,192,60978,128,0,61061:0:0:0:0:
64,192,61061,128,0,61144:0:0:0:0:
320,192,61144,128,0,61228:0:0:0:0:
192,192,61186,128,0,61311:0:0:0:0:
64,192,61311,128,0,61394:0:0:0:0:
448,192,61311,128,0,61478:0:0:0:0:
192,192,61478,128,0,61561:0:0:0:0:
448,192,61561,128,0,61644:0:0:0:0:
320,192,61644,128,0,61728:0:0:0:0:
192,192,61686,128,0,61811:0:0:0:0:
448,192,61811,128,0,61894:0:0:0:0:
64,192,61811,128,0,61978:0:0:0:0:
192,192,61978,128,0,62061:0:0:0:0:
320,192,62019,128,0,62144:0:0:0:0:
64,192,62144,128,0,62228:0:0:0:0:
448,192,62144,128,0,62228:0:0:0:0:
192,192,62228,128,0,62311:0:0:0:0:
448,192,62311,128,0,62478:0:0:0:0:
192,192,62394,128,0,62478:0:0:0:0:
64,192,62394,128,0,62478:0:0:0:0:
320,192,62478,128,0,62644:0:0:0:0:
64,192,62644,128,0,62811:0:0:0:0:
192,192,62644,128,0,62811:0:0:0:0:
448,192,62811,128,0,62978:0:0:0:0:
320,192,62811,128,0,62978:0:0:0:0:
64,192,62978,128,0,63061:0:0:0:0:
320,192,63061,1,0,0:0:0:0:
448,192,63061,128,0,63144:0:0:0:0:
64,192,63144,128,0,63228:0:0:0:0:
192,192,63311,128,0,63561:0:0:0:0:
320,192,63311,128,0,63478:0:0:0:0:
448,192,63311,128,0,63478:0:0:0:0:
64,192,63478,128,0,63561:0:0:0:0:
320,192,63644,128,0,63839:0:0:0:0:
192,192,63644,128,0,63728:0:0:0:0:
64,192,63644,128,0,63728:0:0:0:0:
448,192,63728,128,0,63894:0:0:0:0:
64,192,63811,128,0,63922:0:0:0:0:
192,192,63867,128,0,63978:0:0:0:0:
448,192,63978,128,0,64144:0:0:0:0:
320,192,63978,1,0,0:0:0:0:
192,192,64144,1,0,0:0:0:0:
320,192,64228,128,0,64394:0:0:0:0:
448,192,64311,128,0,64394:0:0:0:0:
64,192,64394,1,0,0:0:0:0:
448,192,64478,128,0,64561:0:0:0:0:
320,192,64478,128,0,64561:0:0:0:0:
192,192,64478,128,0,64672:0:0:0:0:
64,192,64561,128,0,64728:0:0:0:0:
320,192,64644,128,0,64756:0:0:0:0:
448,192,64700,128,0,64811:0:0:0:0:
64,192,64811,128,0,64894:0:0:0:0:
192,192,64811,128,0,64978:0:0:0:0:
320,192,64978,128,0,65144:0:0:0:0:
448,192,65061,128,0,65311:0:0:0:0:
64,192,65061,128,0,65144:0:0:0:0:
320,192,65228,128,0,65311:0:0:0:0:
192,192,65311,1,0,0:0:0:0:
64,192,65311,1,0,0:0:0:0:
192,192,65422,1,0,0:0:0:0:
64,192,65422,1,0,0:0:0:0:
448,192,65533,1,0,0:0:0:0:
320,192,65533,1,0,0:0:0:0:
192,192,65644,128,0,65728:0:0:0:0:
64,192,65644,128,0,65728:0:0:0:0:
320,192,65811,128,0,65894:0:0:0:0:
192,192,65811,128,0,66006:0:0:0:0:
448,192,65811,128,0,65894:0:0:0:0:
64,192,65894,128,0,66061:0:0:0:0:
448,192,65978,128,0,66089:0:0:0:0:
320,192,66033,128,0,66144:0:0:0:0:
192,192,66144,128,0,66311:0:0:0:0:
64,192,66144,128,0,66311:0:0:0:0:
320,192,66311,128,0,66394:0:0:0:0:
448,192,66311,128,0,66478:0:0:0:0:
192,192,66478,128,0,66561:0:0:0:0:
448,192,66533,128,0,66644:0:0:0:0:
64,192,66644,128,0,66811:0:0:0:0:
192,192,66644,128,0,66728:0:0:0:0:
320,192,66811,128,0,66894:0:0:0:0:
192,192,66867,128,0,66978:0:0:0:0:
448,192,66978,128,0,67144:0:0:0:0:
320,192,67033,128,0,67144:0:0:0:0:
192,192,67144,1,0,0:0:0:0:
64,192,67144,1,0,0:0:0:0:
64,192,67228,1,0,0:0:0:0:
192,192,67228,1,0,0:0:0:0:
320,192,67311,128,0,67561:0:0:0:0:
448,192,67311,128,0,67394:0:0:0:0:
192,192,67394,128,0,67561:0:0:0:0:
64,192,67478,128,0,67561:0:0:0:0:
448,192,67561,128,0,67644:0:0:0:0:
192,192,67644,128,0,67728:0:0:0:0:
64,192,67644,128,0,67811:0:0:0:0:
320,192,67811,128,0,67894:0:0:0:0:
192,192,67867,128,0,67978:0:0:0:0:
320,192,67978,128,0,68228:0:0:0:0:
448,192,67978,128,0,68228:0:0:0:0:
192,192,68228,128,0,68561:0:0:0:0:
64,192,68228,128,0,68561:0:0:0:0:
448,192,68478,128,0,68561:0:0:0:0:
320,192,68478,128,0,68561:0:0:0:0:
64,192,68644,128,0,68894:0:0:0:0:
192,192,68644,128,0,68728:0:0:0:0:
192,192,68811,128,0,69061:0:0:0:0:
64,192,68978,128,0,69228:0:0:0:0:
320,192,69144,1,0,0:0:0:0:
448,192,69228,1,0,0:0:0:0:
320,192,69269,1,0,0:0:0:0:
192,192,69311,128,0,69478:0:0:0:0:
320,192,69478,1,0,0:0:0:0:
64,192,69561,128,0,69728:0:0:0:0:
448,192,69644,128,0,69728:0:0:0:0:
448,192,69811,128,0,69894:0:0:0:0:
320,192,69811,128,0,69894:0:0:0:0:
192,192,69811,128,0,70006:0:0:0:0:
64,192,69894,128,0,70061:0:0:0:0:
320,192,69978,128,0,70089:0:0:0:0:
448,192,70033,128,0,70144:0:0:0:0:
64,192,70144,128,0,70228:0:0:0:0:
192,192,70144,128,0,70311:0:0:0:0:
320,192,70311,128,0,70478:0:0:0:0:
448,192,70394,128,0,70644:0:0:0:0:
64,192,70394,128,0,70478:0:0:0:0:
320,192,70561,128,0,70644:0:0:0:0:
192,192,70644,1,0,0:0:0:0:
64,192,70644,128,0,70811:0:0:0:0:
320,192,70811,1,0,0:0:0:0:
448,192,70894,128,0,71061:0:0:0:0:
64,192,70978,1,0,0:0:0:0:
64,192,71144,128,0,71228:0:0:0:0:
320,192,71144,128,0,71339:0:0:0:0:
192,192,71144,128,0,71228:0:0:0:0:
448,192,71228,128,0,71394:0:0:0:0:
192,192,71311,128,0,71422:0:0:0:0:
64,192,71367,128,0,71478:0:0:0:0:
448,192,71478,128,0,71561:0:0:0:0:
320,192,71478,128,0,71561:0:0:0:0:
64,192,71561,128,0,71644:0:0:0:0:
192,192,71644,128,0,71728:0:0:0:0:
320,192,71644,128,0,71728:0:0:0:0:
448,192,71728,128,0,71811:0:0:0:0:
192,192,71811,128,0,71894:0:0:0:0:
320,192,71853,128,0,71978:0:0:0:0:
448,192,71978,128,0,72061:0:0:0:0:
64,192,71978,128,0,72144:0:0:0:0:
320,192,72144,128,0,72228:0:0:0:0:
64,192,72228,128,0,72311:0:0:0:0:
192,192,72311,128,0,72394:0:0:0:0:
320,192,72353,128,0,72478:0:0:0:0:
64,192,72478,128,0,72561:0:0:0:0:
448,192,72478,128,0,72644:0:0:0:0:
320,192,72644,128,0,72728:0:0:0:0:
192,192,72686,128,0,72811:0:0:0:0:
448,192,72811,128,0,72894:0:0:0:0:
64,192,72811,128,0,72894:0:0:0:0:
320,192,72894,128,0,72978:0:0:0:0:
64,192,72978,128,0,73144:0:0:0:0:
320,192,73061,128,0,73144:0:0:0:0:
448,192,73061,128,0,73144:0:0:0:0:
192,192,73144,128,0,73311:0:0:0:0:
448,192,73311,128,0,73478:0:0:0:0:
320,192,73311,128,0,73478:0:0:0:0:
64,192,73478,128,0,73603:0:0:0:0:
192,192,73519,128,0,73644:0:0:0:0:
320,192,73561,128,0,73686:0:0:0:0:
448,192,73644,128,0,73894:0:0:0:0:
192,192,73728,128,0,73811:0:0:0:0:
64,192,73811,128,0,73894:0:0:0:0:
320,192,73853,128,0,73978:0:0:0:0:
64,192,73978,128,0,74061:0:0:0:0:
448,192,73978,128,0,74061:0:0:0:0:
192,192,73978,128,0,74186:0:0:0:0:
320,192,74144,128,0,74228:0:0:0:0:
448,192,74186,128,0,74478:0:0:0:0:
192,192,74311,128,0,74394:0:0:0:0:
64,192,74353,128,0,74478:0:0:0:0:
320,192,74478,128,0,74561:0:0:0:0:
192,192,74519,128,0,74644:0:0:0:0:
448,192,74644,128,0,74811:0:0:0:0:
64,192,74644,128,0,74728:0:0:0:0:
320,192,74728,128,0,74811:0:0:0:0:
64,192,74811,128,0,74894:0:0:0:0:
192,192,74853,128,0,74978:0:0:0:0:
320,192,74894,128,0,75061:0:0:0:0:
448,192,74978,128,0,75061:0:0:0:0:
64,192,75061,128,0,75144:0:0:0:0:
320,192,75144,128,0,75311:0:0:0:0:
448,192,75144,128,0,75311:0:0:0:0:
192,192,75228,128,0,75311:0:0:0:0:
64,192,75311,128,0,75478:0:0:0:0:
320,192,75478,128,0,75644:0:0:0:0:
192,192,75478,128,0,75644:0:0:0:0:
64,192,75644,128,0,75728:0:0:0:0:
320,192,75728,128,0,75894:0:0:0:0:
448,192,75728,128,0,75894:0:0:0:0:
64,192,75811,128,0,75894:0:0:0:0:
64,192,75978,1,0,0:0:0:0:
448,192,75978,128,0,76144:0:0:0:0:
320,192,76144,1,0,0:0:0:0:
192,192,76228,128,0,76394:0:0:0:0:
448,192,76311,1,0,0:0:0:0:
64,192,76394,1,0,0:0:0:0:
448,192,76478,1,0,0:0:0:0:
320,192,76519,1,0,0:0:0:0:
192,192,76561,1,0,0:0:0:0:
64,192,76603,1,0,0:0:0:0:
320,192,76644,128,0,76811:0:0:0:0:
448,192,76644,128,0,76811:0:0:0:0:
64,192,76811,1,0,0:0:0:0:
448,192,76894,128,0,77061:0:0:0:0:
320,192,76894,128,0,77061:0:0:0:0:
192,192,76978,128,0,77061:0:0:0:0:
64,192,77144,128,0,77228:0:0:0:0:
448,192,77144,128,0,77228:0:0:0:0:
64,192,77311,128,0,77478:0:0:0:0:
192,192,77311,128,0,77478:0:0:0:0:
448,192,77478,1,0,0:0:0:0:
192,192,77561,128,0,77728:0:0:0:0:
64,192,77561,128,0,77728:0:0:0:0:
320,192,77644,128,0,77728:0:0:0:0:
448,192,77811,128,0,77894:0:0:0:0:
64,192,77811,128,0,77894:0:0:0:0:
320,192,77978,1,0,0:0:0:0:
448,192,77978,1,0,0:0:0:0:
192,192,78061,1,0,0:0:0:0:
320,192,78144,1,0,0:0:0:0:
192,192,78228,1,0,0:0:0:0:
448,192,78228,1,0,0:0:0:0:
320,192,78311,1,0,0:0:0:0:
192,192,78394,1,0,0:0:0:0:
64,192,78478,1,0,0:0:0:0:
320,192,78478,1,0,0:0:0:0:
192,192,78561,1,0,0:0:0:0:
448,192,78644,1,0,0:0:0:0:
64,192,78644,128,0,78728:0:0:0:0:
192,192,78728,128,0,78811:0:0:0:0:
320,192,78811,128,0,78894:0:0:0:0:
448,192,78894,128,0,78978:0:0:0:0:
192,192,78978,128,0,79061:0:0:0:0:
64,192,78978,1,0,0:0:0:0:
320,192,79061,128,0,79144:0:0:0:0:
192,192,79144,128,0,79228:0:0:0:0:
320,192,79228,128,0,79311:0:0:0:0:
192,192,79311,128,0,79561:0:0:0:0:
448,192,79311,128,0,79686:0:0:0:0:
64,192,79311,128,0,79394:0:0:0:0:
64,192,79478,128,0,79644:0:0:0:0:
320,192,79644,128,0,79728:0:0:0:0:
192,192,79686,128,0,79769:0:0:0:0:
64,192,79728,128,0,79894:0:0:0:0:
448,192,79811,128,0,79894:0:0:0:0:
320,192,79978,128,0,80228:0:0:0:0:
64,192,79978,128,0,80353:0:0:0:0:
448,192,79978,128,0,80061:0:0:0:0:
448,192,80144,128,0,80311:0:0:0:0:
192,192,80311,128,0,80394:0:0:0:0:
320,192,80353,128,0,80436:0:0:0:0:
64,192,80478,1,0,0:0:0:0:
448,192,80478,1,0,0:0:0:0:
192,192,80519,1,0,0:0:0:0:
320,192,80561,1,0,0:0:0:0:
448,192,80603,1,0,0:0:0:0:
192,192,80644,1,0,0:0:0:0:
64,192,80728,1,0,0:0:0:0:
448,192,80811,1,0,0:0:0:0:
320,192,80811,1,0,0:0:0:0:
192,192,80894,1,0,0:0:0:0:
64,192,80894,1,0,0:0:0:0:
64,192,80978,128,0,81061:0:0:0:0:
320,192,80978,128,0,81172:0:0:0:0:
192,192,80978,128,0,81061:0:0:0:0:
448,192,81061,128,0,81228:0:0:0:0:
64,192,81144,128,0,81256:0:0:0:0:
192,192,81200,128,0,81311:0:0:0:0:
448,192,81311,128,0,81394:0:0:0:0:
320,192,81311,128,0,81478:0:0:0:0:
192,192,81478,128,0,81644:0:0:0:0:
64,192,81561,128,0,81811:0:0:0:0:
448,192,81603,128,0,81728:0:0:0:0:
192,192,81728,128,0,81811:0:0:0:0:
448,192,81811,128,0,82061:0:0:0:0:
320,192,81811,128,0,81894:0:0:0:0:
320,192,81978,128,0,82061:0:0:0:0:
192,192,81978,128,0,82061:0:0:0:0:
192,192,82144,128,0,82228:0:0:0:0:
64,192,82144,128,0,82228:0:0:0:0:
320,192,82228,128,0,82311:0:0:0:0:
448,192,82311,128,0,82394:0:0:0:0:
64,192,82311,128,0,82394:0:0:0:0:
192,192,82394,128,0,82478:0:0:0:0:
320,192,82478,1,0,0:0:0:0:
448,192,82478,128,0,82561:0:0:0:0:
192,192,82561,1,0,0:0:0:0:
64,192,82561,1,0,0:0:0:0:
448,192,82644,128,0,82728:0:0:0:0:
64,192,82644,128,0,82811:0:0:0:0:
320,192,82811,128,0,82894:0:0:0:0:
64,192,82894,128,0,82978:0:0:0:0:
192,192,82978,128,0,83061:0:0:0:0:
320,192,83019,128,0,83144:0:0:0:0:
64,192,83144,128,0,83228:0:0:0:0:
448,192,83144,128,0,83311:0:0:0:0:
320,192,83311,128,0,83394:0:0:0:0:
192,192,83353,128,0,83478:0:0:0:0:
448,192,83478,128,0,83561:0:0:0:0:
64,192,83478,128,0,83561:0:0:0:0:
320,192,83561,128,0,83644:0:0:0:0:
64,192,83644,128,0,83811:0:0:0:0:
320,192,83728,128,0,83811:0:0:0:0:
448,192,83728,128,0,83811:0:0:0:0:
192,192,83811,128,0,83978:0:0:0:0:
448,192,83978,128,0,84144:0:0:0:0:
320,192,83978,128,0,84144:0:0:0:0:
64,192,84144,128,0,84311:0:0:0:0:
192,192,84144,128,0,84311:0:0:0:0:
320,192,84228,128,0,84311:0:0:0:0:
448,192,84311,128,0,84394:0:0:0:0:
192,192,84394,1,0,0:0:0:0:
64,192,84394,128,0,84478:0:0:0:0:
448,192,84478,128,0,84561:0:0:0:0:
320,192,84644,128,0,84894:0:0:0:0:
192,192,84644,128,0,84811:0:0:0:0:
64,192,84644,128,0,84811:0:0:0:0:
448,192,84811,128,0,84894:0:0:0:0:
192,192,84978,128,0,85172:0:0:0:0:
320,192,84978,128,0,85061:0:0:0:0:
448,192,84978,128,0,85061:0:0:0:0:
64,192,85061,128,0,85228:0:0:0:0:
448,192,85144,128,0,85256:0:0:0:0:
320,192,85200,128,0,85311:0:0:0:0:
64,192,85311,128,0,85478:0:0:0:0:
192,192,85311,1,0,0:0:0:0:
320,192,85478,1,0,0:0:0:0:
192,192,85561,128,0,85728:0:0:0:0:
64,192,85644,128,0,85728:0:0:0:0:
448,192,85728,1,0,0:0:0:0:
64,192,85811,128,0,85894:0:0:0:0:
192,192,85811,128,0,85894:0:0:0:0:
320,192,85811,128,0,86006:0:0:0:0:
448,192,85894,128,0,86061:0:0:0:0:
192,192,85978,128,0,86089:0:0:0:0:
64,192,86033,128,0,86144:0:0:0:0:
448,192,86144,128,0,86228:0:0:0:0:
320,192,86144,128,0,86311:0:0:0:0:
192,192,86311,128,0,86478:0:0:0:0:
64,192,86394,128,0,86644:0:0:0:0:
448,192,86394,128,0,86478:0:0:0:0:
192,192,86561,128,0,86644:0:0:0:0:
320,192,86644,1,0,0:0:0:0:
448,192,86644,1,0,0:0:0:0:
320,192,86756,1,0,0:0:0:0:
448,192,86756,1,0,0:0:0:0:
64,192,86867,1,0,0:0:0:0:
192,192,86867,1,0,0:0:0:0:
448,192,86978,128,0,87061:0:0:0:0:
320,192,86978,128,0,87061:0:0:0:0:
192,192,87144,128,0,87228:0:0:0:0:
320,192,87144,128,0,87339:0:0:0:0:
64,192,87144,128,0,87228:0:0:0:0:
448,192,87228,128,0,87394:0:0:0:0:
64,192,87311,128,0,87422:0:0:0:0:
192,192,87367,128,0,87478:0:0:0:0:
320,192,87478,128,0,87644:0:0:0:0:
448,192,87478,128,0,87644:0:0:0:0:
192,192,87644,128,0,87728:0:0:0:0:
64,192,87644,128,0,87811:0:0:0:0:
320,192,87811,128,0,87894:0:0:0:0:
64,192,87867,128,0,87978:0:0:0:0:
448,192,87978,128,0,88144:0:0:0:0:
320,192,87978,128,0,88061:0:0:0:0:
192,192,88144,128,0,88228:0:0:0:0:
320,192,88200,128,0,88311:0:0:0:0:
64,192,88311,128,0,88478:0:0:0:0:
192,192,88367,128,0,88478:0:0:0:0:
448,192,88478,128,0,88644:0:0:0:0:
320,192,88533,128,0,88644:0:0:0:0:
192,192,88644,128,0,88894:0:0:0:0:
64,192,88644,128,0,88728:0:0:0:0:
320,192,88728,128,0,88894:0:0:0:0:
448,192,88811,128,0,88894:0:0:0:0:
64,192,88894,128,0,88978:0:0:0:0:
320,192,88978,128,0,89061:0:0:0:0:
448,192,88978,128,0,89144:0:0:0:0:
192,192,89144,128,0,89228:0:0:0:0:
320,192,89200,128,0,89311:0:0:0:0:
192,192,89311,128,0,89561:0:0:0:0:
64,192,89311,128,0,89561:0:0:0:0:
320,192,89561,128,0,89894:0:0:0:0:
448,192,89561,128,0,89894:0:0:0:0:
64,192,89811,128,0,89894:0:0:0:0:
192,192,89811,128,0,89894:0:0:0:0:
448,192,89978,128,0,90061:0:0:0:0:
64,192,89978,1,0,0:0:0:0:
448,192,90144,128,0,90228:0:0:0:0:
448,192,90311,128,0,90394:0:0:0:0:
448,192,90478,128,0,90561:0:0:0:0:
64,192,90519,1,0,0:0:0:0:
192,192,90561,1,0,0:0:0:0:
320,192,90603,1,0,0:0:0:0:
64,192,90644,128,0,90728:0:0:0:0:
64,192,90811,128,0,90894:0:0:0:0:
320,192,90853,128,0,90936:0:0:0:0:
64,192,90978,128,0,91061:0:0:0:0:
448,192,91019,128,0,91103:0:0:0:0:
64,192,91144,128,0,91228:0:0:0:0:
192,192,91144,128,0,91228:0:0:0:0:
320,192,91144,128,0,91339:0:0:0:0:
448,192,91228,128,0,91394:0:0:0:0:
192,192,91311,128,0,91422:0:0:0:0:
64,192,91367,128,0,91478:0:0:0:0:
448,192,91478,128,0,91561:0:0:0:0:
320,192,91478,128,0,91644:0:0:0:0:
192,192,91644,128,0,91811:0:0:0:0:
64,192,91728,128,0,91978:0:0:0:0:
448,192,91728,128,0,91811:0:0:0:0:
192,192,91894,128,0,91978:0:0:0:0:
320,192,91978,1,0,0:0:0:0:
448,192,91978,128,0,92144:0:0:0:0:
192,192,92144,1,0,0:0:0:0:
64,192,92228,128,0,92394:0:0:0:0:
448,192,92311,1,0,0:0:0:0:
448,192,92478,128,0,92561:0:0:0:0:
192,192,92478,128,0,92672:0:0:0:0:
320,192,92478,128,0,92561:0:0:0:0:
64,192,92561,128,0,92728:0:0:0:0:
320,192,92644,128,0,92756:0:0:0:0:
448,192,92700,128,0,92811:0:0:0:0:
64,192,92811,128,0,92894:0:0:0:0:
192,192,92811,128,0,92894:0:0:0:0:
448,192,92894,128,0,92978:0:0:0:0:
320,192,92978,128,0,93061:0:0:0:0:
192,192,92978,128,0,93061:0:0:0:0:
64,192,93061,128,0,93144:0:0:0:0:
320,192,93144,128,0,93228:0:0:0:0:
192,192,93186,128,0,93311:0:0:0:0:
64,192,93311,128,0,93394:0:0:0:0:
448,192,93311,128,0,93478:0:0:0:0:
192,192,93478,128,0,93561:0:0:0:0:
448,192,93561,128,0,93644:0:0:0:0:
320,192,93644,128,0,93728:0:0:0:0:
192,192,93686,128,0,93811:0:0:0:0:
448,192,93811,128,0,93894:0:0:0:0:
64,192,93811,128,0,93978:0:0:0:0:
192,192,93978,128,0,94061:0:0:0:0:
320,192,94019,128,0,94144:0:0:0:0:
64,192,94144,128,0,94228:0:0:0:0:
448,192,94144,128,0,94228:0:0:0:0:
192,192,94228,128,0,94311:0:0:0:0:
448,192,94311,128,0,94478:0:0:0:0:
192,192,94394,128,0,94478:0:0:0:0:
64,192,94394,128,0,94478:0:0:0:0:
320,192,94478,128,0,94644:0:0:0:0:
64,192,94644,128,0,94811:0:0:0:0:
192,192,94644,128,0,94811:0:0:0:0:
448,192,94811,128,0,94936:0:0:0:0:
320,192,94853,128,0,94978:0:0:0:0:
192,192,94894,128,0,95019:0:0:0:0:
64,192,94978,128,0,95228:0:0:0:0:
320,192,95061,128,0,95144:0:0:0:0:
448,192,95144,128,0,95228:0:0:0:0:
192,192,95186,128,0,95311:0:0:0:0:
320,192,95311,128,0,95394:0:0:0:0:
448,192,95311,128,0,95478:0:0:0:0:
64,192,95394,128,0,95478:0:0:0:0:
320,192,95478,128,0,95561:0:0:0:0:
64,192,95561,128,0,95644:0:0:0:0:
448,192,95644,128,0,95728:0:0:0:0:
320,192,95686,128,0,95769:0:0:0:0:
448,192,95811,128,0,95894:0:0:0:0:
192,192,95853,128,0,95936:0:0:0:0:
448,192,95978,128,0,96061:0:0:0:0:
64,192,95978,128,0,96061:0:0:0:0:
192,192,96144,128,0,96228:0:0:0:0:
64,192,96186,128,0,96269:0:0:0:0:
320,192,96311,128,0,96394:0:0:0:0:
192,192,96353,128,0,96436:0:0:0:0:
448,192,96478,128,0,96561:0:0:0:0:
320,192,96478,128,0,96561:0:0:0:0:
64,192,96561,128,0,96686:0:0:0:0:
192,192,96644,128,0,96728:0:0:0:0:
320,192,96686,128,0,96769:0:0:0:0:
64,192,96811,128,0,96894:0:0:0:0:
192,192,96811,128,0,96894:0:0:0:0:
448,192,96894,128,0,96978:0:0:0:0:
64,192,96978,128,0,97061:0:0:0:0:
320,192,97061,128,0,97144:0:0:0:0:
448,192,97061,128,0,97144:0:0:0:0:
192,192,97228,128,0,97311:0:0:0:0:
448,192,97311,128,0,97478:0:0:0:0:
64,192,97311,128,0,97394:0:0:0:0:
192,192,97478,128,0,97561:0:0:0:0:
448,192,97561,128,0,97728:0:0:0:0:
192,192,97644,128,0,97728:0:0:0:0:
64,192,97728,128,0,97811:0:0:0:0:
448,192,97811,1,0,0:0:0:0:
320,192,97853,1,0,0:0:0:0:
192,192,97894,1,0,0:0:0:0:
64,192,97936,1,0,0:0:0:0:
448,192,97978,1,0,0:0:0:0:
320,192,97978,1,0,0:0:0:0:
192,192,98061,1,0,0:0:0:0:
448,192,98144,1,0,0:0:0:0:
320,192,98228,1,0,0:0:0:0:
192,192,98228,1,0,0:0:0:0:
64,192,98311,1,0,0:0:0:0:
320,192,98394,1,0,0:0:0:0:
64,192,98478,1,0,0:0:0:0:
448,192,98478,1,0,0:0:0:0:
192,192,98561,1,0,0:0:0:0:
320,192,98644,1,0,0:0:0:0:
448,192,98644,1,0,0:0:0:0:
192,192,98728,1,0,0:0:0:0:
448,192,98811,1,0,0:0:0:0:
320,192,98894,1,0,0:0:0:0:
192,192,98894,1,0,0:0:0:0:
64,192,98978,1,0,0:0:0:0:
320,192,99061,1,0,0:0:0:0:
448,192,99144,1,0,0:0:0:0:
64,192,99144,1,0,0:0:0:0:
192,192,99228,1,0,0:0:0:0:
448,192,99311,1,0,0:0:0:0:
320,192,99311,1,0,0:0:0:0:
192,192,99394,1,0,0:0:0:0:
448,192,99478,1,0,0:0:0:0:
192,192,99561,1,0,0:0:0:0:
320,192,99561,1,0,0:0:0:0:
64,192,99644,1,0,0:0:0:0:
320,192,99728,1,0,0:0:0:0:
64,192,99811,1,0,0:0:0:0:
448,192,99811,1,0,0:0:0:0:
192,192,99894,1,0,0:0:0:0:
448,192,99978,1,0,0:0:0:0:
320,192,99978,128,0,100144:0:0:0:0:
192,192,100144,128,0,100311:0:0:0:0:
448,192,100311,128,0,100478:0:0:0:0:
64,192,100478,128,0,100644:0:0:0:0:
320,192,100644,1,0,0:0:0:0:
448,192,100644,1,0,0:0:0:0:
64,192,101978,128,0,102644:0:0:0:0:
320,192,102644,128,0,103311:0:0:0:0:
448,192,103311,128,0,103644:0:0:0:0:
64,192,103644,1,0,0:0:0:0:
192,192,103811,1,0,0:0:0:0:
448,192,104311,128,0,104644:0:0:0:0:
192,192,104644,128,0,104978:0:0:0:0:
320,192,104978,128,0,105311:0:0:0:0:
192,192,105311,128,0,105644:0:0:0:0:
448,192,105644,128,0,105978:0:0:0:0:
64,192,105978,128,0,106478:0:0:0:0:
192,192,106144,1,0,0:0:0:0:
320,192,106311,1,0,0:0:0:0:
448,192,106478,1,0,0:0:0:0:
192,192,107311,128,0,107978:0:0:0:0:
448,192,107478,1,0,0:0:0:0:
320,192,107644,1,0,0:0:0:0:
64,192,107811,1,0,0:0:0:0:
320,192,107978,128,0,108644:0:0:0:0:
192,192,108644,128,0,108867:0:0:0:0:
320,192,108811,128,0,108978:0:0:0:0:
448,192,108867,128,0,109089:0:0:0:0:
192,192,108978,128,0,109144:0:0:0:0:
64,192,109089,128,0,109311:0:0:0:0:
320,192,109144,128,0,109311:0:0:0:0:
448,192,109311,128,0,109561:0:0:0:0:
320,192,109478,128,0,109728:0:0:0:0:
192,192,109644,128,0,109894:0:0:0:0:
64,192,109811,128,0,110061:0:0:0:0:
192,192,109978,128,0,110228:0:0:0:0:
320,192,110144,128,0,110394:0:0:0:0:
448,192,110311,128,0,110561:0:0:0:0:
320,192,110478,128,0,110728:0:0:0:0:
192,192,110644,128,0,110894:0:0:0:0:
64,192,110811,128,0,111061:0:0:0:0:
192,192,110978,128,0,111228:0:0:0:0:
320,192,111144,128,0,111394:0:0:0:0:
448,192,111311,128,0,111811:0:0:0:0:
320,192,111478,1,0,0:0:0:0:
192,192,111644,1,0,0:0:0:0:
64,192,111811,1,0,0:0:0:0:
448,192,112644,128,0,112978:0:0:0:0:
64,192,113311,128,0,113978:0:0:0:0:
320,192,113978,128,0,114644:0:0:0:0:
320,192,114978,128,0,115311:0:0:0:0:
448,192,115311,128,0,115644:0:0:0:0:
192,192,115644,128,0,115978:0:0:0:0:
320,192,115978,128,0,116311:0:0:0:0:
192,192,116311,128,0,116644:0:0:0:0:
448,192,116644,128,0,116978:0:0:0:0:
192,192,116978,128,0,117144:0:0:0:0:
64,192,117144,128,0,117311:0:0:0:0:
320,192,117311,128,0,117478:0:0:0:0:
192,192,117478,128,0,117644:0:0:0:0:
448,192,117644,128,0,117811:0:0:0:0:
320,192,117811,128,0,117978:0:0:0:0:
192,192,117978,128,0,118144:0:0:0:0:
64,192,118144,128,0,118311:0:0:0:0:
320,192,118311,128,0,118478:0:0:0:0:
192,192,118478,128,0,118644:0:0:0:0:
448,192,118644,128,0,118811:0:0:0:0:
192,192,118811,128,0,118978:0:0:0:0:
320,192,118978,128,0,119144:0:0:0:0:
64,192,119144,128,0,119228:0:0:0:0:
448,192,119311,1,0,0:0:0:0:
64,192,119311,128,0,119561:0:0:0:0:
192,192,119394,1,0,0:0:0:0:
320,192,119436,1,0,0:0:0:0:
448,192,119478,1,0,0:0:0:0:
192,192,119561,1,0,0:0:0:0:
320,192,119644,128,0,119728:0:0:0:0:
448,192,119686,1,0,0:0:0:0:
64,192,119811,1,0,0:0:0:0:
192,192,119894,1,0,0:0:0:0:
320,192,119978,1,0,0:0:0:0:
448,192,119978,128,0,120228:0:0:0:0:
64,192,120061,1,0,0:0:0:0:
192,192,120228,1,0,0:0:0:0:
320,192,120311,1,0,0:0:0:0:
448,192,120394,1,0,0:0:0:0:
192,192,120478,1,0,0:0:0:0:
64,192,120478,1,0,0:0:0:0:
448,192,120561,1,0,0:0:0:0:
192,192,120644,1,0,0:0:0:0:
64,192,120644,1,0,0:0:0:0:
320,192,120728,1,0,0:0:0:0:
64,192,120811,1,0,0:0:0:0:
192,192,120853,1,0,0:0:0:0:
320,192,120894,128,0,121061:0:0:0:0:
448,192,120894,128,0,120978:0:0:0:0:
192,192,120978,128,0,121144:0:0:0:0:
64,192,121061,128,0,121228:0:0:0:0:
320,192,121144,128,0,121228:0:0:0:0:
448,192,121144,128,0,121228:0:0:0:0:
448,192,121311,128,0,121478:0:0:0:0:
320,192,121394,1,0,0:0:0:0:
192,192,121478,128,0,121644:0:0:0:0:
64,192,121561,1,0,0:0:0:0:
320,192,121644,128,0,121894:0:0:0:0:
64,192,121728,128,0,121811:0:0:0:0:
448,192,121811,128,0,121894:0:0:0:0:
64,192,121894,128,0,121978:0:0:0:0:
320,192,121978,128,0,122311:0:0:0:0:
448,192,121978,128,0,122311:0:0:0:0:
192,192,122061,128,0,122311:0:0:0:0:
64,192,122644,1,0,0:0:0:0:
448,192,122686,1,0,0:0:0:0:
192,192,122728,1,0,0:0:0:0:
320,192,122811,1,0,0:0:0:0:
192,192,122894,1,0,0:0:0:0:
448,192,122978,1,0,0:0:0:0:
320,192,123061,1,0,0:0:0:0:
192,192,123144,128,0,123394:0:0:0:0:
64,192,123144,128,0,123394:0:0:0:0:
448,192,123228,128,0,123394:0:0:0:0:
64,192,123478,1,0,0:0:0:0:
192,192,123519,1,0,0:0:0:0:
320,192,123561,1,0,0:0:0:0:
448,192,123603,1,0,0:0:0:0:
64,192,123644,1,0,0:0:0:0:
192,192,123728,1,0,0:0:0:0:
320,192,123769,1,0,0:0:0:0:
448,192,123811,1,0,0:0:0:0:
192,192,123894,1,0,0:0:0:0:
448,192,123978,1,0,0:0:0:0:
64,192,123978,1,0,0:0:0:0:
64,192,124144,1,0,0:0:0:0:
320,192,124228,1,0,0:0:0:0:
192,192,124311,1,0,0:0:0:0:
320,192,124394,1,0,0:0:0:0:
192,192,124478,128,0,124728:0:0:0:0:
64,192,124478,128,0,124728:0:0:0:0:
448,192,124561,128,0,124811:0:0:0:0:
192,192,124811,1,0,0:0:0:0:
64,192,124811,1,0,0:0:0:0:
320,192,124978,1,0,0:0:0:0:
192,192,124978,1,0,0:0:0:0:
448,192,125144,128,0,125228:0:0:0:0:
320,192,125186,128,0,125269:0:0:0:0:
64,192,125311,1,0,0:0:0:0:
448,192,125311,128,0,125394:0:0:0:0:
320,192,125353,128,0,125436:0:0:0:0:
64,192,125478,128,0,125561:0:0:0:0:
192,192,125519,128,0,125603:0:0:0:0:
64,192,125644,128,0,125728:0:0:0:0:
192,192,125686,128,0,125769:0:0:0:0:
448,192,125811,1,0,0:0:0:0:
320,192,125811,128,0,125894:0:0:0:0:
320,192,125978,128,0,126061:0:0:0:0:
192,192,126019,128,0,126103:0:0:0:0:
448,192,126144,128,0,126228:0:0:0:0:
64,192,126144,1,0,0:0:0:0:
448,192,126311,128,0,126394:0:0:0:0:
64,192,126394,1,0,0:0:0:0:
192,192,126394,128,0,126644:0:0:0:0:
448,192,126478,128,0,126561:0:0:0:0:
64,192,126644,1,0,0:0:0:0:
320,192,126644,128,0,126811:0:0:0:0:
192,192,126811,128,0,126978:0:0:0:0:
448,192,126894,1,0,0:0:0:0:
320,192,126894,1,0,0:0:0:0:
64,192,126978,128,0,127144:0:0:0:0:
320,192,127144,1,0,0:0:0:0:
448,192,127144,128,0,127228:0:0:0:0:
320,192,127311,128,0,127561:0:0:0:0:
448,192,127311,128,0,127561:0:0:0:0:
64,192,127394,128,0,127561:0:0:0:0:
192,192,127644,1,0,0:0:0:0:
64,192,127686,1,0,0:0:0:0:
448,192,127728,1,0,0:0:0:0:
320,192,127811,1,0,0:0:0:0:
192,192,127894,1,0,0:0:0:0:
64,192,127978,1,0,0:0:0:0:
448,192,127978,1,0,0:0:0:0:
192,192,128019,1,0,0:0:0:0:
320,192,128061,1,0,0:0:0:0:
64,192,128144,1,0,0:0:0:0:
320,192,128228,1,0,0:0:0:0:
192,192,128311,1,0,0:0:0:0:
192,192,128478,128,0,128728:0:0:0:0:
64,192,128478,128,0,128728:0:0:0:0:
448,192,128561,128,0,128728:0:0:0:0:
64,192,128811,1,0,0:0:0:0:
320,192,128811,1,0,0:0:0:0:
64,192,128894,1,0,0:0:0:0:
448,192,129061,1,0,0:0:0:0:
320,192,129061,1,0,0:0:0:0:
192,192,129144,1,0,0:0:0:0:
320,192,129228,1,0,0:0:0:0:
64,192,129311,1,0,0:0:0:0:
448,192,129311,128,0,129478:0:0:0:0:
192,192,129353,1,0,0:0:0:0:
320,192,129478,128,0,129644:0:0:0:0:
64,192,129644,128,0,129811:0:0:0:0:
448,192,129811,128,0,130061:0:0:0:0:
320,192,129811,128,0,130061:0:0:0:0:
64,192,129894,128,0,130144:0:0:0:0:
320,192,130144,1,0,0:0:0:0:
448,192,130144,1,0,0:0:0:0:
192,192,130311,1,0,0:0:0:0:
320,192,130311,1,0,0:0:0:0:
64,192,130478,128,0,130561:0:0:0:0:
192,192,130519,128,0,130603:0:0:0:0:
448,192,130644,1,0,0:0:0:0:
64,192,130644,128,0,130728:0:0:0:0:
192,192,130686,128,0,130769:0:0:0:0:
448,192,130811,128,0,130894:0:0:0:0:
320,192,130853,128,0,130936:0:0:0:0:
448,192,130978,128,0,131061:0:0:0:0:
320,192,131019,128,0,131103:0:0:0:0:
448,192,131144,1,0,0:0:0:0:
64,192,131144,128,0,131228:0:0:0:0:
192,192,131228,128,0,131311:0:0:0:0:
320,192,131311,128,0,131394:0:0:0:0:
192,192,131394,128,0,131478:0:0:0:0:
64,192,131478,128,0,131561:0:0:0:0:
448,192,131478,1,0,0:0:0:0:
64,192,131644,128,0,131728:0:0:0:0:
192,192,131686,128,0,131769:0:0:0:0:
448,192,131728,1,0,0:0:0:0:
320,192,131728,1,0,0:0:0:0:
64,192,131811,128,0,131894:0:0:0:0:
192,192,131853,128,0,131936:0:0:0:0:
448,192,131978,128,0,132228:0:0:0:0:
320,192,131978,128,0,132228:0:0:0:0:
64,192,132228,1,0,0:0:0:0:
192,192,132228,1,0,0:0:0:0:
320,192,132311,128,0,132478:0:0:0:0:
64,192,132478,1,0,0:0:0:0:
448,192,132478,128,0,132644:0:0:0:0:
192,192,132644,128,0,132978:0:0:0:0:
64,192,132644,128,0,132978:0:0:0:0:
320,192,132728,128,0,132978:0:0:0:0:
64,192,133311,1,0,0:0:0:0:
448,192,133353,1,0,0:0:0:0:
192,192,133394,1,0,0:0:0:0:
320,192,133478,1,0,0:0:0:0:
192,192,133561,1,0,0:0:0:0:
448,192,133644,1,0,0:0:0:0:
320,192,133728,1,0,0:0:0:0:
192,192,133811,128,0,134061:0:0:0:0:
64,192,133811,128,0,134061:0:0:0:0:
448,192,133894,128,0,134061:0:0:0:0:
64,192,134144,1,0,0:0:0:0:
192,192,134186,1,0,0:0:0:0:
320,192,134228,1,0,0:0:0:0:
448,192,134269,1,0,0:0:0:0:
64,192,134311,1,0,0:0:0:0:
192,192,134394,1,0,0:0:0:0:
320,192,134436,1,0,0:0:0:0:
448,192,134478,1,0,0:0:0:0:
192,192,134561,1,0,0:0:0:0:
448,192,134644,1,0,0:0:0:0:
64,192,134644,1,0,0:0:0:0:
64,192,134811,1,0,0:0:0:0:
320,192,134894,1,0,0:0:0:0:
192,192,134978,1,0,0:0:0:0:
320,192,135061,1,0,0:0:0:0:
192,192,135144,128,0,135394:0:0:0:0:
64,192,135144,128,0,135394:0:0:0:0:
448,192,135228,128,0,135478:0:0:0:0:
192,192,135478,1,0,0:0:0:0:
64,192,135478,1,0,0:0:0:0:
320,192,135644,1,0,0:0:0:0:
192,192,135644,1,0,0:0:0:0:
448,192,135811,128,0,135894:0:0:0:0:
320,192,135853,128,0,135936:0:0:0:0:
64,192,135978,1,0,0:0:0:0:
448,192,135978,128,0,136061:0:0:0:0:
320,192,136019,128,0,136103:0:0:0:0:
64,192,136144,128,0,136228:0:0:0:0:
192,192,136186,128,0,136269:0:0:0:0:
64,192,136311,128,0,136394:0:0:0:0:
192,192,136353,128,0,136436:0:0:0:0:
448,192,136478,1,0,0:0:0:0:
320,192,136478,128,0,136561:0:0:0:0:
320,192,136644,128,0,136728:0:0:0:0:
192,192,136686,128,0,136769:0:0:0:0:
448,192,136811,128,0,136894:0:0:0:0:
64,192,136811,1,0,0:0:0:0:
448,192,136978,128,0,137061:0:0:0:0:
320,192,137019,128,0,137103:0:0:0:0:
64,192,137061,1,0,0:0:0:0:
192,192,137061,1,0,0:0:0:0:
448,192,137144,128,0,137228:0:0:0:0:
320,192,137186,128,0,137269:0:0:0:0:
64,192,137311,1,0,0:0:0:0:
192,192,137367,1,0,0:0:0:0:
320,192,137422,1,0,0:0:0:0:
448,192,137478,1,0,0:0:0:0:
192,192,137533,1,0,0:0:0:0:
320,192,137589,1,0,0:0:0:0:
64,192,137644,1,0,0:0:0:0:
192,192,137756,1,0,0:0:0:0:
448,192,137811,1,0,0:0:0:0:
64,192,137867,1,0,0:0:0:0:
192,192,137922,1,0,0:0:0:0:
320,192,137978,128,0,138228:0:0:0:0:
448,192,137978,128,0,138228:0:0:0:0:
64,192,138061,128,0,138311:0:0:0:0:
320,192,138311,128,0,138394:0:0:0:0:
448,192,138353,128,0,138436:0:0:0:0:
64,192,138478,1,0,0:0:0:0:
192,192,138478,128,0,138561:0:0:0:0:
320,192,138519,128,0,138603:0:0:0:0:
448,192,138644,1,0,0:0:0:0:
64,192,138644,128,0,138728:0:0:0:0:
192,192,138686,128,0,138769:0:0:0:0:
320,192,138811,128,0,138894:0:0:0:0:
448,192,138853,128,0,138936:0:0:0:0:
64,192,138978,1,0,0:0:0:0:
192,192,138978,128,0,139061:0:0:0:0:
320,192,139019,128,0,139103:0:0:0:0:
64,192,139144,128,0,139228:0:0:0:0:
448,192,139144,1,0,0:0:0:0:
320,192,139228,128,0,139311:0:0:0:0:
192,192,139311,128,0,139394:0:0:0:0:
320,192,139394,128,0,139478:0:0:0:0:
64,192,139478,1,0,0:0:0:0:
448,192,139478,128,0,139561:0:0:0:0:
448,192,139644,1,0,0:0:0:0:
320,192,139644,128,0,139728:0:0:0:0:
192,192,139728,1,0,0:0:0:0:
64,192,139728,128,0,139811:0:0:0:0:
320,192,139811,128,0,139894:0:0:0:0:
192,192,139853,128,0,139936:0:0:0:0:
64,192,139978,1,0,0:0:0:0:
448,192,139978,128,0,140061:0:0:0:0:
320,192,140019,128,0,140103:0:0:0:0:
64,192,140144,128,0,140228:0:0:0:0:
320,192,140228,128,0,140311:0:0:0:0:
64,192,140311,128,0,140394:0:0:0:0:
448,192,140311,1,0,0:0:0:0:
192,192,140394,128,0,140478:0:0:0:0:
448,192,140478,1,0,0:0:0:0:
320,192,140478,128,0,140561:0:0:0:0:
192,192,140561,128,0,140644:0:0:0:0:
64,192,140644,128,0,140728:0:0:0:0:
448,192,140644,1,0,0:0:0:0:
192,192,140811,1,0,0:0:0:0:
64,192,140811,128,0,140894:0:0:0:0:
320,192,140978,1,0,0:0:0:0:
448,192,140978,128,0,141061:0:0:0:0:
192,192,141061,1,0,0:0:0:0:
448,192,141144,128,0,141228:0:0:0:0:
64,192,141144,1,0,0:0:0:0:
448,192,141311,1,0,0:0:0:0:
192,192,141311,128,0,141394:0:0:0:0:
320,192,141353,128,0,141436:0:0:0:0:
64,192,141478,128,0,141561:0:0:0:0:
192,192,141519,128,0,141603:0:0:0:0:
448,192,141644,1,0,0:0:0:0:
320,192,141686,1,0,0:0:0:0:
192,192,141728,1,0,0:0:0:0:
64,192,141769,1,0,0:0:0:0:
448,192,141811,1,0,0:0:0:0:
320,192,141811,1,0,0:0:0:0:
192,192,141978,1,0,0:0:0:0:
64,192,141978,1,0,0:0:0:0:
448,192,142144,1,0,0:0:0:0:
64,192,142144,1,0,0:0:0:0:
192,192,142228,1,0,0:0:0:0:
320,192,142228,1,0,0:0:0:0:
448,192,142311,1,0,0:0:0:0:
64,192,142311,1,0,0:0:0:0:
320,192,142478,1,0,0:0:0:0:
192,192,142478,1,0,0:0:0:0:
448,192,142644,1,0,0:0:0:0:
192,192,142644,128,0,142811:0:0:0:0:
64,192,142644,128,0,142811:0:0:0:0:
448,192,142894,1,0,0:0:0:0:
64,192,142894,128,0,143061:0:0:0:0:
192,192,142894,128,0,143061:0:0:0:0:
448,192,143144,1,0,0:0:0:0:
192,192,143144,128,0,143228:0:0:0:0:
64,192,143144,128,0,143228:0:0:0:0:
320,192,143311,5,0,0:0:0:0:
448,192,143311,1,0,0:0:0:0:
64,192,143311,1,0,0:0:0:0:
320,192,143478,128,0,143811:0:0:0:0:
320,192,144311,128,0,144478:0:0:0:0:
320,192,144644,128,0,144811:0:0:0:0:
64,192,144811,128,0,144978:0:0:0:0:
448,192,145144,128,0,145311:0:0:0:0:
192,192,145311,128,0,145478:0:0:0:0:
320,192,145478,128,0,145644:0:0:0:0:
64,192,145644,128,0,145811:0:0:0:0:
192,192,145811,128,0,146311:0:0:0:0:
320,192,146978,128,0,147311:0:0:0:0:
192,192,147311,128,0,147478:0:0:0:0:
320,192,147478,128,0,147644:0:0:0:0:
64,192,147644,128,0,147811:0:0:0:0:
320,192,147811,128,0,147978:0:0:0:0:
448,192,147978,128,0,148144:0:0:0:0:
192,192,148144,128,0,148311:0:0:0:0:
320,192,148311,128,0,148478:0:0:0:0:
64,192,148478,128,0,148978:0:0:0:0:
192,192,149644,128,0,149811:0:0:0:0:
320,192,149811,128,0,150144:0:0:0:0:
64,192,150144,128,0,150478:0:0:0:0:
320,192,150478,128,0,150644:0:0:0:0:
192,192,150644,128,0,150811:0:0:0:0:
448,192,150811,128,0,150978:0:0:0:0:
192,192,151144,128,0,151478:0:0:0:0:
320,192,151478,128,0,151811:0:0:0:0:
64,192,151811,128,0,152144:0:0:0:0:
320,192,152311,128,0,152644:0:0:0:0:
192,192,152644,128,0,152811:0:0:0:0:
320,192,152811,128,0,152978:0:0:0:0:
64,192,152978,128,0,153144:0:0:0:0:
192,192,153144,128,0,153478:0:0:0:0:
448,192,153478,128,0,153644:0:0:0:0:
320,192,153644,128,0,153811:0:0:0:0:
192,192,153811,128,0,153978:0:0:0:0:
320,192,153978,1,0,0:0:0:0:
448,192,153978,1,0,0:0:0:0:
64,192,153978,1,0,0:0:0:0:
320,192,154144,1,0,0:0:0:0:
192,192,154311,1,0,0:0:0:0:
320,192,154311,1,0,0:0:0:0:
64,192,154478,1,0,0:0:0:0:
448,192,154478,1,0,0:0:0:0:
192,192,154644,1,0,0:0:0:0:
64,192,154644,1,0,0:0:0:0:
448,192,154644,1,0,0:0:0:0:
320,192,154811,1,0,0:0:0:0:
192,192,154894,1,0,0:0:0:0:
64,192,154894,1,0,0:0:0:0:
320,192,154978,1,0,0:0:0:0:
448,192,154978,1,0,0:0:0:0:
64,192,155144,1,0,0:0:0:0:
192,192,155144,1,0,0:0:0:0:
320,192,155311,1,0,0:0:0:0:
448,192,155311,1,0,0:0:0:0:
64,192,155311,1,0,0:0:0:0:
320,192,155478,1,0,0:0:0:0:
192,192,155561,1,0,0:0:0:0:
320,192,155644,1,0,0:0:0:0:
448,192,155644,1,0,0:0:0:0:
192,192,155728,1,0,0:0:0:0:
64,192,155811,1,0,0:0:0:0:
320,192,155894,1,0,0:0:0:0:
192,192,155978,1,0,0:0:0:0:
64,192,155978,1,0,0:0:0:0:
448,192,155978,1,0,0:0:0:0:
320,192,156144,1,0,0:0:0:0:
192,192,156228,1,0,0:0:0:0:
64,192,156228,1,0,0:0:0:0:
320,192,156311,1,0,0:0:0:0:
448,192,156311,1,0,0:0:0:0:
64,192,156478,1,0,0:0:0:0:
192,192,156478,1,0,0:0:0:0:
320,192,156644,1,0,0:0:0:0:
448,192,156644,1,0,0:0:0:0:
64,192,156644,1,0,0:0:0:0:
320,192,156811,1,0,0:0:0:0:
192,192,156978,1,0,0:0:0:0:
320,192,156978,1,0,0:0:0:0:
64,192,157144,1,0,0:0:0:0:
448,192,157144,1,0,0:0:0:0:
192,192,157311,1,0,0:0:0:0:
64,192,157311,1,0,0:0:0:0:
448,192,157311,1,0,0:0:0:0:
320,192,157478,1,0,0:0:0:0:
192,192,157561,1,0,0:0:0:0:
64,192,157561,1,0,0:0:0:0:
320,192,157644,1,0,0:0:0:0:
448,192,157644,1,0,0:0:0:0:
64,192,157811,1,0,0:0:0:0:
192,192,157811,1,0,0:0:0:0:
320,192,157978,1,0,0:0:0:0:
448,192,157978,1,0,0:0:0:0:
64,192,157978,1,0,0:0:0:0:
320,192,158144,1,0,0:0:0:0:
192,192,158228,1,0,0:0:0:0:
320,192,158311,1,0,0:0:0:0:
448,192,158311,1,0,0:0:0:0:
192,192,158394,1,0,0:0:0:0:
64,192,158478,1,0,0:0:0:0:
320,192,158561,1,0,0:0:0:0:
192,192,158644,1,0,0:0:0:0:
64,192,158644,1,0,0:0:0:0:
448,192,158644,1,0,0:0:0:0:
320,192,158811,1,0,0:0:0:0:
192,192,158894,1,0,0:0:0:0:
64,192,158894,1,0,0:0:0:0:
320,192,158978,1,0,0:0:0:0:
448,192,158978,1,0,0:0:0:0:
64,192,159144,1,0,0:0:0:0:
192,192,159144,1,0,0:0:0:0:
320,192,159311,1,0,0:0:0:0:
448,192,159311,1,0,0:0:0:0:
64,192,159311,1,0,0:0:0:0:
320,192,159478,1,0,0:0:0:0:
192,192,159478,1,0,0:0:0:0:
448,192,159644,1,0,0:0:0:0:
64,192,159644,1,0,0:0:0:0:
192,192,159644,1,0,0:0:0:0:
64,192,159811,1,0,0:0:0:0:
320,192,159811,1,0,0:0:0:0:
448,192,159978,1,0,0:0:0:0:
64,192,159978,1,0,0:0:0:0:
192,192,159978,1,0,0:0:0:0:
192,192,160144,1,0,0:0:0:0:
320,192,160144,1,0,0:0:0:0:
448,192,160311,1,0,0:0:0:0:
64,192,160311,1,0,0:0:0:0:
320,192,160311,1,0,0:0:0:0:
192,192,160478,1,0,0:0:0:0:
448,192,160478,1,0,0:0:0:0:
320,192,160644,1,0,0:0:0:0:
448,192,160644,1,0,0:0:0:0:
64,192,160644,1,0,0:0:0:0:
320,192,160811,5,0,0:0:0:0:
192,192,160811,1,0,0:0:0:0:
448,192,160978,1,0,0:0:0:0:
64,192,160978,1,0,0:0:0:0:
192,192,160978,1,0,0:0:0:0:
320,192,161144,1,0,0:0:0:0:
64,192,161144,1,0,0:0:0:0:
448,192,161311,1,0,0:0:0:0:
64,192,161311,1,0,0:0:0:0:
192,192,161311,1,0,0:0:0:0:
192,192,161478,1,0,0:0:0:0:
320,192,161478,1,0,0:0:0:0:
448,192,161644,1,0,0:0:0:0:
64,192,161644,1,0,0:0:0:0:
320,192,161644,1,0,0:0:0:0:
192,192,161811,1,0,0:0:0:0:
320,192,161811,1,0,0:0:0:0:
448,192,161978,5,0,0:0:0:0:
64,192,161978,1,0,0:0:0:0:
192,192,162061,1,0,0:0:0:0:
448,192,162144,1,0,0:0:0:0:
320,192,162144,1,0,0:0:0:0:
192,192,162228,1,0,0:0:0:0:
64,192,162311,1,0,0:0:0:0:
448,192,162311,1,0,0:0:0:0:
320,192,162394,1,0,0:0:0:0:
192,192,162478,1,0,0:0:0:0:
64,192,162478,1,0,0:0:0:0:
320,192,162561,1,0,0:0:0:0:
448,192,162644,1,0,0:0:0:0:
64,192,162644,1,0,0:0:0:0:
192,192,162728,1,0,0:0:0:0:
320,192,162811,1,0,0:0:0:0:
448,192,162811,1,0,0:0:0:0:
192,192,162894,1,0,0:0:0:0:
448,192,162978,1,0,0:0:0:0:
64,192,162978,1,0,0:0:0:0:
320,192,163061,1,0,0:0:0:0:
192,192,163144,1,0,0:0:0:0:
64,192,163144,1,0,0:0:0:0:
320,192,163228,1,0,0:0:0:0:
64,192,163311,1,0,0:0:0:0:
192,192,163353,1,0,0:0:0:0:
320,192,163394,1,0,0:0:0:0:
64,192,163478,1,0,0:0:0:0:
448,192,163561,1,0,0:0:0:0:
320,192,163603,1,0,0:0:0:0:
192,192,163644,1,0,0:0:0:0:
448,192,163728,1,0,0:0:0:0:
64,192,163811,1,0,0:0:0:0:
192,192,163853,1,0,0:0:0:0:
320,192,163894,1,0,0:0:0:0:
64,192,163978,1,0,0:0:0:0:
448,192,163978,128,0,164478:0:0:0:0:
192,192,164144,128,0,164311:0:0:0:0:
320,192,164311,128,0,164478:0:0:0:0:
64,192,164478,128,0,164644:0:0:0:0:
448,192,164644,1,0,0:0:0:0:
320,192,164644,1,0,0:0:0:0:
64,192,164728,1,0,0:0:0:0:
192,192,164811,1,0,0:0:0:0:
320,192,164811,1,0,0:0:0:0:
448,192,164894,1,0,0:0:0:0:
192,192,164978,1,0,0:0:0:0:
64,192,164978,1,0,0:0:0:0:
448,192,165061,1,0,0:0:0:0:
192,192,165144,1,0,0:0:0:0:
320,192,165144,1,0,0:0:0:0:
64,192,165228,1,0,0:0:0:0:
448,192,165311,1,0,0:0:0:0:
320,192,165311,1,0,0:0:0:0:
64,192,165394,1,0,0:0:0:0:
192,192,165478,1,0,0:0:0:0:
320,192,165478,1,0,0:0:0:0:
448,192,165561,1,0,0:0:0:0:
192,192,165644,1,0,0:0:0:0:
64,192,165644,1,0,0:0:0:0:
448,192,165728,1,0,0:0:0:0:
320,192,165811,1,0,0:0:0:0:
192,192,165811,1,0,0:0:0:0:
64,192,165894,1,0,0:0:0:0:
320,192,165978,1,0,0:0:0:0:
448,192,165978,1,0,0:0:0:0:
64,192,166061,1,0,0:0:0:0:
192,192,166144,1,0,0:0:0:0:
320,192,166144,1,0,0:0:0:0:
448,192,166228,1,0,0:0:0:0:
192,192,166311,1,0,0:0:0:0:
64,192,166311,1,0,0:0:0:0:
448,192,166394,1,0,0:0:0:0:
320,192,166478,1,0,0:0:0:0:
192,192,166478,1,0,0:0:0:0:
64,192,166561,1,0,0:0:0:0:
448,192,166644,1,0,0:0:0:0:
320,192,166644,1,0,0:0:0:0:
64,192,166728,1,0,0:0:0:0:
192,192,166811,1,0,0:0:0:0:
320,192,166811,1,0,0:0:0:0:
448,192,166894,1,0,0:0:0:0:
192,192,166978,1,0,0:0:0:0:
64,192,166978,128,0,167144:0:0:0:0:
448,192,167144,128,0,167311:0:0:0:0:
192,192,167311,1,0,0:0:0:0:
64,192,167311,1,0,0:0:0:0:
448,192,167394,1,0,0:0:0:0:
320,192,167478,1,0,0:0:0:0:
192,192,167478,1,0,0:0:0:0:
64,192,167561,1,0,0:0:0:0:
320,192,167644,1,0,0:0:0:0:
448,192,167644,1,0,0:0:0:0:
64,192,167728,1,0,0:0:0:0:
192,192,167811,1,0,0:0:0:0:
320,192,167811,1,0,0:0:0:0:
448,192,167894,1,0,0:0:0:0:
64,192,167978,1,0,0:0:0:0:
192,192,167978,1,0,0:0:0:0:
448,192,168061,1,0,0:0:0:0:
320,192,168144,1,0,0:0:0:0:
192,192,168144,1,0,0:0:0:0:
64,192,168228,1,0,0:0:0:0:
320,192,168311,1,0,0:0:0:0:
448,192,168311,1,0,0:0:0:0:
64,192,168394,1,0,0:0:0:0:
192,192,168478,1,0,0:0:0:0:
320,192,168478,1,0,0:0:0:0:
448,192,168561,1,0,0:0:0:0:
192,192,168644,1,0,0:0:0:0:
64,192,168644,1,0,0:0:0:0:
448,192,168728,1,0,0:0:0:0:
320,192,168811,1,0,0:0:0:0:
192,192,168811,1,0,0:0:0:0:
64,192,168894,1,0,0:0:0:0:
320,192,168978,1,0,0:0:0:0:
448,192,168978,1,0,0:0:0:0:
64,192,169061,1,0,0:0:0:0:
192,192,169144,1,0,0:0:0:0:
320,192,169144,1,0,0:0:0:0:
448,192,169228,1,0,0:0:0:0:
64,192,169311,1,0,0:0:0:0:
192,192,169311,1,0,0:0:0:0:
448,192,169394,1,0,0:0:0:0:
320,192,169478,1,0,0:0:0:0:
192,192,169478,1,0,0:0:0:0:
64,192,169561,1,0,0:0:0:0:
320,192,169644,1,0,0:0:0:0:
448,192,169644,128,0,169811:0:0:0:0:
192,192,169811,128,0,169978:0:0:0:0:
64,192,169978,5,0,0:0:0:0:
448,192,169978,1,0,0:0:0:0:
320,192,170061,1,0,0:0:0:0:
64,192,170144,1,0,0:0:0:0:
192,192,170144,1,0,0:0:0:0:
320,192,170228,1,0,0:0:0:0:
64,192,170311,1,0,0:0:0:0:
448,192,170311,1,0,0:0:0:0:
192,192,170394,1,0,0:0:0:0:
448,192,170478,1,0,0:0:0:0:
320,192,170478,1,0,0:0:0:0:
192,192,170561,1,0,0:0:0:0:
448,192,170644,1,0,0:0:0:0:
64,192,170644,1,0,0:0:0:0:
320,192,170728,1,0,0:0:0:0:
64,192,170811,1,0,0:0:0:0:
192,192,170811,1,0,0:0:0:0:
320,192,170894,1,0,0:0:0:0:
448,192,170978,128,0,171144:0:0:0:0:
64,192,170978,128,0,171144:0:0:0:0:
448,192,171311,5,0,0:0:0:0:
64,192,171311,1,0,0:0:0:0:
192,192,171394,1,0,0:0:0:0:
448,192,171478,1,0,0:0:0:0:
320,192,171478,1,0,0:0:0:0:
192,192,171561,1,0,0:0:0:0:
448,192,171644,1,0,0:0:0:0:
64,192,171644,1,0,0:0:0:0:
320,192,171728,1,0,0:0:0:0:
64,192,171811,1,0,0:0:0:0:
192,192,171811,1,0,0:0:0:0:
320,192,171894,1,0,0:0:0:0:
64,192,171978,1,0,0:0:0:0:
448,192,171978,1,0,0:0:0:0:
192,192,172061,1,0,0:0:0:0:
448,192,172144,1,0,0:0:0:0:
320,192,172144,1,0,0:0:0:0:
192,192,172228,1,0,0:0:0:0:
64,192,172311,128,0,172478:0:0:0:0:
448,192,172311,128,0,172478:0:0:0:0:
448,192,172644,1,0,0:0:0:0:
320,192,172686,1,0,0:0:0:0:
192,192,172728,1,0,0:0:0:0:
64,192,172769,1,0,0:0:0:0:
448,192,172811,1,0,0:0:0:0:
320,192,172853,1,0,0:0:0:0:
192,192,172894,1,0,0:0:0:0:
64,192,172936,1,0,0:0:0:0:
448,192,172978,1,0,0:0:0:0:
320,192,172978,1,0,0:0:0:0:
64,192,173061,1,0,0:0:0:0:
192,192,173144,1,0,0:0:0:0:
320,192,173144,1,0,0:0:0:0:
448,192,173228,1,0,0:0:0:0:
192,192,173311,1,0,0:0:0:0:
64,192,173311,1,0,0:0:0:0:
320,192,173394,1,0,0:0:0:0:
448,192,173478,1,0,0:0:0:0:
64,192,173478,1,0,0:0:0:0:
192,192,173561,1,0,0:0:0:0:
448,192,173644,1,0,0:0:0:0:
320,192,173644,1,0,0:0:0:0:
192,192,173728,1,0,0:0:0:0:
64,192,173811,1,0,0:0:0:0:
448,192,173811,1,0,0:0:0:0:
320,192,173894,1,0,0:0:0:0:
192,192,173978,1,0,0:0:0:0:
64,192,173978,128,0,174394:0:0:0:0:
448,192,174311,1,0,0:0:0:0:
320,192,174353,1,0,0:0:0:0:
192,192,174394,1,0,0:0:0:0:
448,192,174436,1,0,0:0:0:0:
64,192,174478,128,0,174644:0:0:0:0:
192,192,174644,128,0,174728:0:0:0:0:
320,192,174728,128,0,174811:0:0:0:0:
448,192,174811,128,0,174894:0:0:0:0:
64,192,174894,128,0,174978:0:0:0:0:
192,192,174978,128,0,175061:0:0:0:0:
448,192,174978,1,0,0:0:0:0:
320,192,175061,128,0,175144:0:0:0:0:
192,192,175144,128,0,175228:0:0:0:0:
320,192,175228,128,0,175311:0:0:0:0:
448,192,175311,128,0,175561:0:0:0:0:
64,192,175311,128,0,175478:0:0:0:0:
320,192,175478,128,0,175603:0:0:0:0:
192,192,175519,128,0,175644:0:0:0:0:
64,192,175644,128,0,175894:0:0:0:0:
448,192,175644,128,0,175728:0:0:0:0:
192,192,175728,128,0,175894:0:0:0:0:
320,192,175811,128,0,175894:0:0:0:0:
320,192,175978,128,0,176144:0:0:0:0:
448,192,175978,128,0,176144:0:0:0:0:
192,192,176061,128,0,176228:0:0:0:0:
64,192,176144,128,0,176228:0:0:0:0:
448,192,176228,128,0,176394:0:0:0:0:
64,192,176311,128,0,176394:0:0:0:0:
320,192,176311,128,0,176394:0:0:0:0:
320,192,176478,128,0,176561:0:0:0:0:
192,192,176519,128,0,176644:0:0:0:0:
64,192,176644,128,0,176894:0:0:0:0:
448,192,176644,128,0,176811:0:0:0:0:
192,192,176811,128,0,176936:0:0:0:0:
320,192,176853,128,0,176978:0:0:0:0:
64,192,176978,128,0,177061:0:0:0:0:
448,192,176978,128,0,177228:0:0:0:0:
320,192,177061,128,0,177228:0:0:0:0:
192,192,177144,128,0,177228:0:0:0:0:
64,192,177311,128,0,177561:0:0:0:0:
448,192,177311,128,0,177478:0:0:0:0:
192,192,177478,128,0,177603:0:0:0:0:
320,192,177561,128,0,177728:0:0:0:0:
448,192,177644,128,0,177894:0:0:0:0:
64,192,177644,128,0,177728:0:0:0:0:
192,192,177811,128,0,177936:0:0:0:0:
64,192,177853,128,0,178061:0:0:0:0:
320,192,177978,128,0,178061:0:0:0:0:
448,192,177978,128,0,178061:0:0:0:0:
192,192,178144,128,0,178311:0:0:0:0:
320,192,178228,128,0,178311:0:0:0:0:
64,192,178311,128,0,178394:0:0:0:0:
448,192,178311,128,0,178478:0:0:0:0:
320,192,178394,128,0,178478:0:0:0:0:
64,192,178478,128,0,178644:0:0:0:0:
192,192,178519,128,0,178644:0:0:0:0:
448,192,178644,128,0,178978:0:0:0:0:
320,192,178644,128,0,178811:0:0:0:0:
64,192,178811,128,0,178894:0:0:0:0:
320,192,178894,128,0,178978:0:0:0:0:
192,192,178978,128,0,179228:0:0:0:0:
64,192,178978,128,0,179228:0:0:0:0:
448,192,179144,128,0,179311:0:0:0:0:
64,192,179311,128,0,179644:0:0:0:0:
192,192,179311,128,0,179478:0:0:0:0:
448,192,179478,128,0,179561:0:0:0:0:
192,192,179561,128,0,179644:0:0:0:0:
448,192,179644,128,0,179894:0:0:0:0:
320,192,179644,128,0,179894:0:0:0:0:
64,192,179811,128,0,179894:0:0:0:0:
64,192,179978,128,0,180144:0:0:0:0:
192,192,179978,128,0,180061:0:0:0:0:
448,192,180061,128,0,180228:0:0:0:0:
320,192,180144,128,0,180228:0:0:0:0:
64,192,180228,128,0,180478:0:0:0:0:
448,192,180311,128,0,180478:0:0:0:0:
320,192,180311,128,0,180394:0:0:0:0:
192,192,180394,128,0,180478:0:0:0:0:
64,192,180644,128,0,180894:0:0:0:0:
448,192,180644,128,0,180811:0:0:0:0:
192,192,180811,128,0,180936:0:0:0:0:
320,192,180853,128,0,180978:0:0:0:0:
448,192,180978,128,0,181228:0:0:0:0:
64,192,180978,128,0,181061:0:0:0:0:
320,192,181061,128,0,181228:0:0:0:0:
192,192,181144,128,0,181228:0:0:0:0:
192,192,181311,128,0,181478:0:0:0:0:
64,192,181311,128,0,181478:0:0:0:0:
320,192,181394,128,0,181561:0:0:0:0:
448,192,181478,128,0,181561:0:0:0:0:
64,192,181561,128,0,181728:0:0:0:0:
448,192,181644,128,0,181728:0:0:0:0:
192,192,181644,128,0,181728:0:0:0:0:
192,192,181811,128,0,181894:0:0:0:0:
320,192,181853,128,0,181978:0:0:0:0:
448,192,181978,128,0,182228:0:0:0:0:
64,192,181978,128,0,182144:0:0:0:0:
320,192,182144,128,0,182269:0:0:0:0:
192,192,182186,128,0,182311:0:0:0:0:
64,192,182311,128,0,182561:0:0:0:0:
448,192,182311,128,0,182394:0:0:0:0:
192,192,182394,128,0,182561:0:0:0:0:
320,192,182478,128,0,182561:0:0:0:0:
448,192,182644,128,0,182894:0:0:0:0:
64,192,182644,128,0,182811:0:0:0:0:
320,192,182811,128,0,182936:0:0:0:0:
192,192,182894,128,0,183061:0:0:0:0:
64,192,182978,128,0,183228:0:0:0:0:
448,192,182978,128,0,183061:0:0:0:0:
320,192,183144,128,0,183269:0:0:0:0:
448,192,183186,128,0,183394:0:0:0:0:
192,192,183311,128,0,183394:0:0:0:0:
64,192,183311,128,0,183519:0:0:0:0:
192,192,183478,128,0,183561:0:0:0:0:
320,192,183519,128,0,183644:0:0:0:0:
448,192,183644,128,0,183728:0:0:0:0:
64,192,183644,128,0,183894:0:0:0:0:
192,192,183728,128,0,183894:0:0:0:0:
448,192,183811,128,0,183894:0:0:0:0:
320,192,183978,128,0,184061:0:0:0:0:
448,192,183978,128,0,184186:0:0:0:0:
64,192,184019,128,0,184144:0:0:0:0:
320,192,184144,128,0,184228:0:0:0:0:
192,192,184186,128,0,184311:0:0:0:0:
448,192,184311,128,0,184561:0:0:0:0:
64,192,184311,128,0,184394:0:0:0:0:
320,192,184394,128,0,184561:0:0:0:0:
64,192,184478,128,0,184561:0:0:0:0:
192,192,184644,128,0,184728:0:0:0:0:
64,192,184644,128,0,184853:0:0:0:0:
448,192,184686,128,0,184811:0:0:0:0:
192,192,184811,128,0,184894:0:0:0:0:
320,192,184853,128,0,184978:0:0:0:0:
64,192,184978,128,0,185061:0:0:0:0:
448,192,184978,128,0,185061:0:0:0:0:
192,192,185061,128,0,185144:0:0:0:0:
448,192,185144,128,0,185228:0:0:0:0:
320,192,185144,128,0,185228:0:0:0:0:
320,192,185311,128,0,185478:0:0:0:0:
448,192,185311,128,0,185478:0:0:0:0:
64,192,185394,128,0,185478:0:0:0:0:
192,192,185561,128,0,185644:0:0:0:0:
64,192,185561,128,0,185644:0:0:0:0:
320,192,185644,128,0,185728:0:0:0:0:
448,192,185644,128,0,185728:0:0:0:0:
448,192,185811,128,0,185978:0:0:0:0:
64,192,185811,128,0,185894:0:0:0:0:
320,192,185894,128,0,185978:0:0:0:0:
192,192,185978,1,0,0:0:0:0:
64,192,185978,1,0,0:0:0:0:
448,192,186089,1,0,0:0:0:0:
320,192,186144,1,0,0:0:0:0:
448,192,186256,1,0,0:0:0:0:
64,192,186311,128,0,186561:0:0:0:0:
192,192,186311,128,0,186394:0:0:0:0:
320,192,186394,128,0,186561:0:0:0:0:
448,192,186478,128,0,186561:0:0:0:0:
320,192,186644,128,0,186811:0:0:0:0:
448,192,186644,128,0,186811:0:0:0:0:
192,192,186728,128,0,186894:0:0:0:0:
64,192,186811,128,0,186894:0:0:0:0:
448,192,186894,128,0,187061:0:0:0:0:
64,192,186978,128,0,187061:0:0:0:0:
320,192,186978,128,0,187061:0:0:0:0:
320,192,187144,128,0,187228:0:0:0:0:
192,192,187186,128,0,187311:0:0:0:0:
64,192,187311,128,0,187561:0:0:0:0:
448,192,187311,128,0,187478:0:0:0:0:
192,192,187478,128,0,187603:0:0:0:0:
320,192,187519,128,0,187644:0:0:0:0:
64,192,187644,128,0,187728:0:0:0:0:
448,192,187644,128,0,187894:0:0:0:0:
320,192,187728,128,0,187894:0:0:0:0:
192,192,187811,128,0,187894:0:0:0:0:
64,192,187978,128,0,188228:0:0:0:0:
448,192,187978,128,0,188144:0:0:0:0:
192,192,188144,128,0,188269:0:0:0:0:
320,192,188228,128,0,188394:0:0:0:0:
448,192,188311,128,0,188561:0:0:0:0:
64,192,188311,128,0,188394:0:0:0:0:
192,192,188478,128,0,188603:0:0:0:0:
64,192,188519,128,0,188728:0:0:0:0:
320,192,188644,128,0,188728:0:0:0:0:
448,192,188644,128,0,188728:0:0:0:0:
192,192,188811,128,0,188978:0:0:0:0:
320,192,188894,128,0,188978:0:0:0:0:
448,192,188978,128,0,189144:0:0:0:0:
64,192,188978,128,0,189061:0:0:0:0:
320,192,189061,128,0,189144:0:0:0:0:
64,192,189144,128,0,189311:0:0:0:0:
192,192,189186,128,0,189311:0:0:0:0:
448,192,189311,128,0,189644:0:0:0:0:
320,192,189311,128,0,189478:0:0:0:0:
64,192,189478,128,0,189561:0:0:0:0:
320,192,189561,128,0,189644:0:0:0:0:
64,192,189644,128,0,189894:0:0:0:0:
192,192,189644,128,0,189894:0:0:0:0:
448,192,189811,128,0,189978:0:0:0:0:
320,192,189978,128,0,190144:0:0:0:0:
192,192,189978,128,0,190144:0:0:0:0:
448,192,190144,128,0,190228:0:0:0:0:
192,192,190228,128,0,190311:0:0:0:0:
64,192,190228,128,0,190311:0:0:0:0:
320,192,190311,128,0,190394:0:0:0:0:
448,192,190311,128,0,190561:0:0:0:0:
64,192,190478,128,0,190561:0:0:0:0:
192,192,190478,128,0,190561:0:0:0:0:
192,192,190644,128,0,190811:0:0:0:0:
320,192,190644,1,0,0:0:0:0:
320,192,190811,128,0,190894:0:0:0:0:
192,192,190894,1,0,0:0:0:0:
64,192,190894,128,0,190978:0:0:0:0:
320,192,190978,1,0,0:0:0:0:
448,192,190978,128,0,191144:0:0:0:0:
192,192,191144,1,0,0:0:0:0:
64,192,191144,1,0,0:0:0:0:
448,192,191311,1,0,0:0:0:0:
64,192,191311,1,0,0:0:0:0:
192,192,191478,1,0,0:0:0:0:
320,192,191561,1,0,0:0:0:0:
448,192,191644,1,0,0:0:0:0:
64,192,191686,1,0,0:0:0:0:
192,192,191728,1,0,0:0:0:0:
320,192,191811,1,0,0:0:0:0:
64,192,191978,128,0,192311:0:0:0:0:
448,192,191978,1,0,0:0:0:0:
192,192,192144,128,0,192311:0:0:0:0:
448,192,192228,128,0,192478:0:0:0:0:
192,192,192478,1,0,0:0:0:0:
64,192,192478,128,0,192561:0:0:0:0:
64,192,192644,128,0,192728:0:0:0:0:
192,192,192686,128,0,192769:0:0:0:0:
320,192,192811,1,0,0:0:0:0:
448,192,192811,128,0,192894:0:0:0:0:
64,192,192853,128,0,192936:0:0:0:0:
320,192,192978,128,0,193061:0:0:0:0:
448,192,193019,128,0,193144:0:0:0:0:
192,192,193061,1,0,0:0:0:0:
64,192,193061,128,0,193144:0:0:0:0:
448,192,193228,128,0,193311:0:0:0:0:
192,192,193311,1,0,0:0:0:0:
64,192,193311,128,0,193478:0:0:0:0:
192,192,193478,1,0,0:0:0:0:
320,192,193561,128,0,193728:0:0:0:0:
64,192,193644,1,0,0:0:0:0:
448,192,193728,1,0,0:0:0:0:
64,192,193811,1,0,0:0:0:0:
192,192,193853,1,0,0:0:0:0:
320,192,193894,1,0,0:0:0:0:
448,192,193936,1,0,0:0:0:0:
192,192,193978,128,0,194144:0:0:0:0:
64,192,193978,128,0,194144:0:0:0:0:
448,192,194144,1,0,0:0:0:0:
64,192,194228,128,0,194394:0:0:0:0:
192,192,194228,128,0,194394:0:0:0:0:
320,192,194311,128,0,194394:0:0:0:0:
448,192,194478,128,0,194561:0:0:0:0:
64,192,194478,128,0,194561:0:0:0:0:
448,192,194644,128,0,194811:0:0:0:0:
320,192,194644,128,0,194811:0:0:0:0:
64,192,194811,1,0,0:0:0:0:
320,192,194894,128,0,195061:0:0:0:0:
448,192,194894,128,0,195061:0:0:0:0:
192,192,194978,128,0,195061:0:0:0:0:
64,192,195144,128,0,195228:0:0:0:0:
448,192,195144,128,0,195228:0:0:0:0:
192,192,195311,1,0,0:0:0:0:
64,192,195311,1,0,0:0:0:0:
320,192,195394,1,0,0:0:0:0:
192,192,195478,1,0,0:0:0:0:
320,192,195561,1,0,0:0:0:0:
64,192,195561,1,0,0:0:0:0:
192,192,195644,1,0,0:0:0:0:
320,192,195728,1,0,0:0:0:0:
448,192,195811,1,0,0:0:0:0:
192,192,195811,1,0,0:0:0:0:
320,192,195894,1,0,0:0:0:0:
64,192,195978,1,0,0:0:0:0:
448,192,195978,128,0,196061:0:0:0:0:
320,192,196061,128,0,196144:0:0:0:0:
192,192,196144,128,0,196228:0:0:0:0:
64,192,196228,128,0,196311:0:0:0:0:
320,192,196311,128,0,196394:0:0:0:0:
448,192,196311,1,0,0:0:0:0:
192,192,196394,128,0,196478:0:0:0:0:
320,192,196478,128,0,196561:0:0:0:0:
192,192,196561,128,0,196644:0:0:0:0:
448,192,196644,128,0,196894:0:0:0:0:
64,192,196644,128,0,196811:0:0:0:0:
320,192,196811,128,0,196936:0:0:0:0:
192,192,196853,128,0,196978:0:0:0:0:
64,192,196978,128,0,197228:0:0:0:0:
448,192,196978,128,0,197061:0:0:0:0:
192,192,197061,128,0,197228:0:0:0:0:
320,192,197144,128,0,197228:0:0:0:0:
320,192,197311,128,0,197478:0:0:0:0:
448,192,197311,128,0,197478:0:0:0:0:
192,192,197394,128,0,197561:0:0:0:0:
64,192,197478,128,0,197561:0:0:0:0:
448,192,197561,128,0,197728:0:0:0:0:
64,192,197644,128,0,197728:0:0:0:0:
320,192,197644,128,0,197728:0:0:0:0:
320,192,197811,128,0,197894:0:0:0:0:
192,192,197853,128,0,197978:0:0:0:0:
64,192,197978,128,0,198228:0:0:0:0:
448,192,197978,128,0,198144:0:0:0:0:
192,192,198144,128,0,198269:0:0:0:0:
320,192,198186,128,0,198311:0:0:0:0:
64,192,198311,128,0,198394:0:0:0:0:
448,192,198311,128,0,198561:0:0:0:0:
320,192,198394,128,0,198561:0:0:0:0:
192,192,198478,128,0,198561:0:0:0:0:
64,192,198644,128,0,198894:0:0:0:0:
448,192,198644,128,0,198811:0:0:0:0:
192,192,198811,128,0,198936:0:0:0:0:
320,192,198894,128,0,199061:0:0:0:0:
448,192,198978,128,0,199228:0:0:0:0:
64,192,198978,128,0,199061:0:0:0:0:
64,192,199144,128,0,199394:0:0:0:0:
192,192,199144,128,0,199228:0:0:0:0:
448,192,199311,128,0,199394:0:0:0:0:
448,192,199478,1,0,0:0:0:0:
320,192,199478,1,0,0:0:0:0:
192,192,199561,1,0,0:0:0:0:
64,192,199561,1,0,0:0:0:0:
64,192,199644,128,0,199728:0:0:0:0:
448,192,199644,128,0,199811:0:0:0:0:
320,192,199728,128,0,199811:0:0:0:0:
64,192,199811,128,0,199978:0:0:0:0:
192,192,199853,128,0,199978:0:0:0:0:
448,192,199978,128,0,200311:0:0:0:0:
320,192,199978,128,0,200144:0:0:0:0:
64,192,200144,128,0,200228:0:0:0:0:
320,192,200228,128,0,200311:0:0:0:0:
64,192,200311,128,0,200561:0:0:0:0:
192,192,200311,128,0,200561:0:0:0:0:
448,192,200478,128,0,200644:0:0:0:0:
64,192,200644,128,0,200978:0:0:0:0:
192,192,200644,128,0,200811:0:0:0:0:
448,192,200811,128,0,200894:0:0:0:0:
192,192,200894,128,0,200978:0:0:0:0:
448,192,200978,128,0,201228:0:0:0:0:
320,192,200978,128,0,201228:0:0:0:0:
64,192,201144,128,0,201228:0:0:0:0:
64,192,201311,128,0,201478:0:0:0:0:
192,192,201311,128,0,201394:0:0:0:0:
448,192,201394,128,0,201561:0:0:0:0:
320,192,201478,128,0,201561:0:0:0:0:
64,192,201561,128,0,201811:0:0:0:0:
448,192,201644,128,0,201811:0:0:0:0:
320,192,201644,128,0,201728:0:0:0:0:
192,192,201728,128,0,201811:0:0:0:0:
64,192,201978,128,0,202228:0:0:0:0:
448,192,201978,128,0,202144:0:0:0:0:
192,192,202144,128,0,202269:0:0:0:0:
320,192,202186,128,0,202311:0:0:0:0:
448,192,202311,128,0,202561:0:0:0:0:
64,192,202311,128,0,202394:0:0:0:0:
320,192,202394,128,0,202561:0:0:0:0:
192,192,202478,128,0,202561:0:0:0:0:
192,192,202644,128,0,202811:0:0:0:0:
64,192,202644,128,0,202811:0:0:0:0:
320,192,202728,128,0,202894:0:0:0:0:
448,192,202811,128,0,202894:0:0:0:0:
64,192,202894,128,0,203061:0:0:0:0:
448,192,202978,128,0,203061:0:0:0:0:
192,192,202978,128,0,203061:0:0:0:0:
192,192,203144,128,0,203228:0:0:0:0:
320,192,203186,128,0,203311:0:0:0:0:
448,192,203311,128,0,203561:0:0:0:0:
64,192,203311,128,0,203478:0:0:0:0:
320,192,203478,128,0,203603:0:0:0:0:
192,192,203519,128,0,203644:0:0:0:0:
64,192,203644,128,0,203894:0:0:0:0:
448,192,203644,128,0,203728:0:0:0:0:
192,192,203728,128,0,203894:0:0:0:0:
320,192,203811,128,0,203894:0:0:0:0:
448,192,203978,128,0,204228:0:0:0:0:
64,192,203978,128,0,204144:0:0:0:0:
320,192,204144,128,0,204269:0:0:0:0:
192,192,204228,128,0,204394:0:0:0:0:
64,192,204311,128,0,204561:0:0:0:0:
448,192,204311,128,0,204394:0:0:0:0:
320,192,204478,128,0,204603:0:0:0:0:
448,192,204519,128,0,204728:0:0:0:0:
192,192,204644,128,0,204728:0:0:0:0:
64,192,204644,128,0,204811:0:0:0:0:
448,192,204811,128,0,204894:0:0:0:0:
192,192,204894,1,0,0:0:0:0:
64,192,204894,1,0,0:0:0:0:
448,192,204978,128,0,205061:0:0:0:0:
320,192,204978,128,0,205061:0:0:0:0:
192,192,205144,128,0,205228:0:0:0:0:
64,192,205144,128,0,205228:0:0:0:0:
320,192,205228,128,0,205311:0:0:0:0:
64,192,205311,128,0,205394:0:0:0:0:
320,192,205394,1,0,0:0:0:0:
448,192,205394,1,0,0:0:0:0:
64,192,205478,128,0,205561:0:0:0:0:
192,192,205478,128,0,205561:0:0:0:0:
448,192,205561,128,0,205644:0:0:0:0:
192,192,205644,128,0,205728:0:0:0:0:
64,192,205644,128,0,205728:0:0:0:0:
320,192,205811,128,0,205894:0:0:0:0:
192,192,205894,128,0,205978:0:0:0:0:
448,192,205978,128,0,206061:0:0:0:0:
64,192,205978,128,0,206061:0:0:0:0:
192,192,206144,128,0,206228:0:0:0:0:
448,192,206228,128,0,206311:0:0:0:0:
320,192,206228,128,0,206311:0:0:0:0:
64,192,206311,128,0,206394:0:0:0:0:
192,192,206311,128,0,206394:0:0:0:0:
448,192,206478,128,0,206561:0:0:0:0:
320,192,206478,128,0,206561:0:0:0:0:
192,192,206561,128,0,206644:0:0:0:0:
448,192,206644,128,0,206728:0:0:0:0:
192,192,206728,1,0,0:0:0:0:
64,192,206728,1,0,0:0:0:0:
448,192,206811,128,0,206894:0:0:0:0:
320,192,206811,128,0,206894:0:0:0:0:
192,192,206894,128,0,206978:0:0:0:0:
448,192,206978,1,0,0:0:0:0:
64,192,206978,1,0,0:0:0:0:
320,192,207061,1,0,0:0:0:0:
192,192,207144,1,0,0:0:0:0:
64,192,207186,1,0,0:0:0:0:
320,192,207228,1,0,0:0:0:0:
192,192,207269,1,0,0:0:0:0:
448,192,207311,128,0,207561:0:0:0:0:
64,192,207311,128,0,207478:0:0:0:0:
320,192,207478,128,0,207603:0:0:0:0:
192,192,207519,128,0,207644:0:0:0:0:
64,192,207644,128,0,207894:0:0:0:0:
448,192,207644,128,0,207728:0:0:0:0:
192,192,207728,128,0,207894:0:0:0:0:
320,192,207811,128,0,207894:0:0:0:0:
320,192,207978,128,0,208144:0:0:0:0:
448,192,207978,128,0,208144:0:0:0:0:
192,192,208061,128,0,208228:0:0:0:0:
64,192,208144,128,0,208228:0:0:0:0:
448,192,208228,128,0,208394:0:0:0:0:
64,192,208311,128,0,208394:0:0:0:0:
320,192,208311,128,0,208394:0:0:0:0:
320,192,208478,128,0,208561:0:0:0:0:
192,192,208519,128,0,208644:0:0:0:0:
64,192,208644,128,0,208728:0:0:0:0:
448,192,208644,128,0,208894:0:0:0:0:
320,192,208811,128,0,208894:0:0:0:0:
64,192,208894,128,0,208978:0:0:0:0:
192,192,208894,128,0,208978:0:0:0:0:
448,192,208978,128,0,209311:0:0:0:0:
320,192,208978,128,0,209144:0:0:0:0:
192,192,209144,128,0,209228:0:0:0:0:
64,192,209144,128,0,209394:0:0:0:0:
192,192,209311,128,0,209394:0:0:0:0:
320,192,209394,128,0,209561:0:0:0:0:
448,192,209394,128,0,209561:0:0:0:0:
64,192,209478,128,0,209561:0:0:0:0:
192,192,209644,128,0,209978:0:0:0:0:
64,192,209644,128,0,209978:0:0:0:0:
448,192,209978,1,0,0:0:0:0:
320,192,209978,1,0,0:0:0:0:
192,192,210061,1,0,0:0:0:0:
448,192,210144,1,0,0:0:0:0:
320,192,210144,1,0,0:0:0:0:
192,192,210228,128,0,210311:0:0:0:0:
64,192,210311,128,0,210394:0:0:0:0:
448,192,210311,128,0,210478:0:0:0:0:
320,192,210394,128,0,210478:0:0:0:0:
64,192,210478,128,0,210644:0:0:0:0:
192,192,210519,128,0,210644:0:0:0:0:
448,192,210644,128,0,210978:0:0:0:0:
320,192,210644,128,0,210811:0:0:0:0:
64,192,210811,128,0,210894:0:0:0:0:
320,192,210894,128,0,210978:0:0:0:0:
192,192,210978,128,0,211144:0:0:0:0:
64,192,210978,128,0,211228:0:0:0:0:
448,192,211144,1,0,0:0:0:0:
320,192,211144,1,0,0:0:0:0:
448,192,211228,128,0,211311:0:0:0:0:
320,192,211228,128,0,211311:0:0:0:0:
192,192,211311,128,0,211394:0:0:0:0:
64,192,211311,128,0,211561:0:0:0:0:
320,192,211478,128,0,211561:0:0:0:0:
448,192,211478,128,0,211561:0:0:0:0:
320,192,211644,128,0,211978:0:0:0:0:
448,192,211644,128,0,211978:0:0:0:0:
64,192,211978,128,0,212311:0:0:0:0:
320,192,212311,1,0,0:0:0:0:
448,192,212311,1,0,0:0:0:0:
320,192,212478,1,0,0:0:0:0:
64,192,212644,5,0,0:0:0:0:
448,192,212644,1,0,0:0:0:0:
320,192,212728,1,0,0:0:0:0:
64,192,212811,1,0,0:0:0:0:
192,192,212811,1,0,0:0:0:0:
320,192,212894,1,0,0:0:0:0:
64,192,212978,1,0,0:0:0:0:
448,192,212978,1,0,0:0:0:0:
192,192,213061,1,0,0:0:0:0:
448,192,213144,1,0,0:0:0:0:
320,192,213144,1,0,0:0:0:0:
192,192,213228,1,0,0:0:0:0:
448,192,213311,1,0,0:0:0:0:
64,192,213311,1,0,0:0:0:0:
320,192,213394,1,0,0:0:0:0:
64,192,213478,1,0,0:0:0:0:
192,192,213478,1,0,0:0:0:0:
320,192,213561,1,0,0:0:0:0:
448,192,213644,128,0,213811:0:0:0:0:
64,192,213644,128,0,213811:0:0:0:0:
448,192,213978,5,0,0:0:0:0:
64,192,213978,1,0,0:0:0:0:
192,192,214061,1,0,0:0:0:0:
448,192,214144,1,0,0:0:0:0:
320,192,214144,1,0,0:0:0:0:
192,192,214228,1,0,0:0:0:0:
448,192,214311,1,0,0:0:0:0:
64,192,214311,1,0,0:0:0:0:
320,192,214394,1,0,0:0:0:0:
64,192,214478,1,0,0:0:0:0:
192,192,214478,1,0,0:0:0:0:
320,192,214561,1,0,0:0:0:0:
64,192,214644,1,0,0:0:0:0:
448,192,214644,1,0,0:0:0:0:
192,192,214728,1,0,0:0:0:0:
448,192,214811,1,0,0:0:0:0:
320,192,214811,1,0,0:0:0:0:
192,192,214894,1,0,0:0:0:0:
64,192,214978,128,0,215144:0:0:0:0:
448,192,214978,128,0,215144:0:0:0:0:
320,192,215144,1,0,0:0:0:0:
192,192,215228,1,0,0:0:0:0:
448,192,215311,1,0,0:0:0:0:
320,192,215353,1,0,0:0:0:0:
192,192,215394,1,0,0:0:0:0:
64,192,215436,1,0,0:0:0:0:
448,192,215478,1,0,0:0:0:0:
320,192,215519,1,0,0:0:0:0:
192,192,215561,1,0,0:0:0:0:
64,192,215603,1,0,0:0:0:0:
448,192,215644,1,0,0:0:0:0:
320,192,215686,1,0,0:0:0:0:
192,192,215728,1,0,0:0:0:0:
64,192,215769,1,0,0:0:0:0:
448,192,215811,1,0,0:0:0:0:
320,192,215853,1,0,0:0:0:0:
192,192,215894,1,0,0:0:0:0:
64,192,215936,1,0,0:0:0:0:
448,192,215978,1,0,0:0:0:0:
320,192,215978,1,0,0:0:0:0:
64,192,216144,1,0,0:0:0:0:
448,192,216228,1,0,0:0:0:0:
320,192,216228,1,0,0:0:0:0:
192,192,216311,1,0,0:0:0:0:
64,192,216311,1,0,0:0:0:0:
448,192,216478,1,0,0:0:0:0:
320,192,216478,1,0,0:0:0:0:
192,192,216561,1,0,0:0:0:0:
64,192,216644,1,0,0:0:0:0:
448,192,216644,128,0,217144:0:0:0:0:
64,192,217144,128,0,217311:0:0:0:0:
320,192,217311,128,0,217478:0:0:0:0:
192,192,217478,128,0,217644:0:0:0:0:
64,192,217644,1,0,0:0:0:0:
448,192,217644,128,0,217978:0:0:0:0:
320,192,217811,128,0,217978:0:0:0:0:
64,192,217978,128,0,218228:0:0:0:0:
448,192,218311,128,0,218394:0:0:0:0:
320,192,218311,128,0,218394:0:0:0:0:
192,192,218311,128,0,218506:0:0:0:0:
64,192,218394,128,0,218561:0:0:0:0:
448,192,218478,128,0,218589:0:0:0:0:
320,192,218533,128,0,218644:0:0:0:0:
192,192,218644,128,0,218894:0:0:0:0:
64,192,218644,128,0,218894:0:0:0:0:
448,192,218728,128,0,218853:0:0:0:0:
320,192,218894,128,0,219061:0:0:0:0:
448,192,218936,128,0,219061:0:0:0:0:
64,192,218978,128,0,219061:0:0:0:0:
448,192,219144,128,0,219228:0:0:0:0:
320,192,219144,128,0,219228:0:0:0:0:
192,192,219144,128,0,219339:0:0:0:0:
64,192,219228,128,0,219394:0:0:0:0:
320,192,219311,128,0,219422:0:0:0:0:
448,192,219367,128,0,219478:0:0:0:0:
64,192,219478,128,0,219644:0:0:0:0:
192,192,219478,128,0,219561:0:0:0:0:
192,192,219644,128,0,219728:0:0:0:0:
320,192,219686,128,0,219769:0:0:0:0:
448,192,219728,128,0,219978:0:0:0:0:
64,192,219728,128,0,219811:0:0:0:0:
320,192,219894,128,0,219978:0:0:0:0:
192,192,219978,1,0,0:0:0:0:
64,192,219978,1,0,0:0:0:0:
320,192,220089,1,0,0:0:0:0:
192,192,220200,1,0,0:0:0:0:
64,192,220311,1,0,0:0:0:0:
448,192,220478,128,0,220561:0:0:0:0:
192,192,220478,128,0,220672:0:0:0:0:
320,192,220478,128,0,220561:0:0:0:0:
64,192,220561,128,0,220728:0:0:0:0:
448,192,220644,128,0,220756:0:0:0:0:
320,192,220700,128,0,220811:0:0:0:0:
64,192,220811,128,0,220978:0:0:0:0:
192,192,220811,128,0,220894:0:0:0:0:
448,192,220894,128,0,220978:0:0:0:0:
192,192,220978,128,0,221144:0:0:0:0:
64,192,221061,128,0,221144:0:0:0:0:
448,192,221144,1,0,0:0:0:0:
320,192,221144,1,0,0:0:0:0:
448,192,221228,128,0,221394:0:0:0:0:
320,192,221228,1,0,0:0:0:0:
192,192,221311,128,0,221394:0:0:0:0:
64,192,221311,128,0,221478:0:0:0:0:
192,192,221478,128,0,221603:0:0:0:0:
320,192,221519,128,0,221603:0:0:0:0:
64,192,221561,128,0,221728:0:0:0:0:
448,192,221644,128,0,221811:0:0:0:0:
320,192,221686,128,0,221811:0:0:0:0:
64,192,221811,128,0,221978:0:0:0:0:
192,192,221811,128,0,221978:0:0:0:0:
320,192,221978,128,0,222144:0:0:0:0:
448,192,222019,128,0,222311:0:0:0:0:
64,192,222144,128,0,222228:0:0:0:0:
192,192,222144,128,0,222228:0:0:0:0:
320,192,222228,128,0,222311:0:0:0:0:
192,192,222311,128,0,222394:0:0:0:0:
448,192,222394,128,0,222561:0:0:0:0:
64,192,222394,128,0,222478:0:0:0:0:
320,192,222478,128,0,222561:0:0:0:0:
192,192,222519,128,0,222644:0:0:0:0:
64,192,222644,128,0,222811:0:0:0:0:
448,192,222644,128,0,222728:0:0:0:0:
192,192,222728,128,0,222811:0:0:0:0:
448,192,222811,128,0,222978:0:0:0:0:
320,192,222811,128,0,222978:0:0:0:0:
64,192,222978,128,0,223061:0:0:0:0:
192,192,222978,1,0,0:0:0:0:
320,192,223061,1,0,0:0:0:0:
448,192,223061,128,0,223144:0:0:0:0:
192,192,223144,128,0,223228:0:0:0:0:
64,192,223228,1,0,0:0:0:0:
192,192,223311,128,0,223459:0:0:0:0:
320,192,223311,128,0,223459:0:0:0:0:
448,192,223311,128,0,223459:0:0:0:0:
448,192,223533,128,0,223682:0:0:0:0:
320,192,223533,128,0,223682:0:0:0:0:
192,192,223533,128,0,223682:0:0:0:0:
320,192,223756,128,0,223904:0:0:0:0:
192,192,223756,128,0,223904:0:0:0:0:
64,192,223756,128,0,223904:0:0:0:0:
448,192,223978,1,0,0:0:0:0:
64,192,223978,128,0,224200:0:0:0:0:
448,192,224200,128,0,224450:0:0:0:0:
192,192,224311,128,0,224450:0:0:0:0:
320,192,224533,128,0,224728:0:0:0:0:
192,192,224533,128,0,224617:0:0:0:0:
64,192,224533,128,0,224617:0:0:0:0:
448,192,224617,128,0,224783:0:0:0:0:
192,192,224700,128,0,224811:0:0:0:0:
64,192,224756,128,0,224867:0:0:0:0:
320,192,224867,128,0,225200:0:0:0:0:
448,192,224867,128,0,224978:0:0:0:0:
64,192,224978,128,0,225089:0:0:0:0:
448,192,225089,128,0,225200:0:0:0:0:
64,192,225200,128,0,225311:0:0:0:0:
192,192,225200,128,0,225311:0:0:0:0:
448,192,225311,1,0,0:0:0:0:
320,192,225311,1,0,0:0:0:0:
448,192,225422,1,0,0:0:0:0:
320,192,225422,1,0,0:0:0:0:
64,192,225533,1,0,0:0:0:0:
192,192,225533,1,0,0:0:0:0:
448,192,225644,1,0,0:0:0:0:
320,192,225867,128,0,225950:0:0:0:0:
192,192,225867,128,0,226061:0:0:0:0:
448,192,225867,128,0,225950:0:0:0:0:
64,192,225950,128,0,226117:0:0:0:0:
448,192,226033,128,0,226144:0:0:0:0:
320,192,226089,128,0,226200:0:0:0:0:
192,192,226200,128,0,226311:0:0:0:0:
64,192,226200,128,0,226311:0:0:0:0:
448,192,226311,128,0,226478:0:0:0:0:
320,192,226311,128,0,226422:0:0:0:0:
192,192,226422,128,0,226561:0:0:0:0:
64,192,226478,128,0,226561:0:0:0:0:
320,192,226533,128,0,226644:0:0:0:0:
192,192,226644,128,0,226728:0:0:0:0:
64,192,226644,128,0,226811:0:0:0:0:
320,192,226756,128,0,226894:0:0:0:0:
448,192,226811,128,0,226894:0:0:0:0:
192,192,226867,128,0,226978:0:0:0:0:
448,192,226978,128,0,227144:0:0:0:0:
320,192,227033,128,0,227144:0:0:0:0:
64,192,227061,128,0,227144:0:0:0:0:
192,192,227200,128,0,227311:0:0:0:0:
448,192,227311,128,0,227478:0:0:0:0:
320,192,227311,128,0,227478:0:0:0:0:
64,192,227422,128,0,227561:0:0:0:0:
448,192,227561,128,0,227644:0:0:0:0:
320,192,227644,128,0,227728:0:0:0:0:
192,192,227644,128,0,227867:0:0:0:0:
64,192,227700,128,0,227867:0:0:0:0:
320,192,227811,128,0,227922:0:0:0:0:
448,192,227894,128,0,228061:0:0:0:0:
192,192,227978,128,0,228200:0:0:0:0:
64,192,227978,128,0,228200:0:0:0:0:
320,192,228200,128,0,228561:0:0:0:0:
448,192,228200,128,0,228561:0:0:0:0:
192,192,228422,128,0,228561:0:0:0:0:
64,192,228422,128,0,228561:0:0:0:0:
448,192,228644,128,0,228894:0:0:0:0:
320,192,228644,128,0,228728:0:0:0:0:
320,192,228811,128,0,229061:0:0:0:0:
448,192,228978,128,0,229228:0:0:0:0:
192,192,229144,1,0,0:0:0:0:
64,192,229228,1,0,0:0:0:0:
192,192,229269,1,0,0:0:0:0:
320,192,229311,128,0,229478:0:0:0:0:
192,192,229478,1,0,0:0:0:0:
448,192,229561,128,0,229728:0:0:0:0:
64,192,229644,1,0,0:0:0:0:
192,192,229728,1,0,0:0:0:0:
448,192,229811,128,0,229936:0:0:0:0:
320,192,229853,128,0,229978:0:0:0:0:
192,192,229894,128,0,230019:0:0:0:0:
64,192,229936,128,0,230311:0:0:0:0:
192,192,230144,128,0,230311:0:0:0:0:
448,192,230311,128,0,230561:0:0:0:0:
320,192,230394,128,0,230561:0:0:0:0:
64,192,230478,128,0,230644:0:0:0:0:
192,192,230561,128,0,230644:0:0:0:0:
320,192,230644,128,0,230894:0:0:0:0:
448,192,230644,128,0,230894:0:0:0:0:
64,192,230978,128,0,231061:0:0:0:0:
448,192,230978,128,0,231061:0:0:0:0:
192,192,230978,128,0,231269:0:0:0:0:
320,192,231061,128,0,231144:0:0:0:0:
64,192,231144,128,0,231228:0:0:0:0:
320,192,231228,128,0,231311:0:0:0:0:
448,192,231269,128,0,231353:0:0:0:0:
64,192,231311,128,0,231394:0:0:0:0:
192,192,231353,128,0,231436:0:0:0:0:
320,192,231478,128,0,231644:0:0:0:0:
448,192,231561,128,0,231644:0:0:0:0:
192,192,231644,128,0,231728:0:0:0:0:
64,192,231644,128,0,231728:0:0:0:0:
448,192,231728,128,0,231811:0:0:0:0:
64,192,231811,128,0,231978:0:0:0:0:
192,192,231853,128,0,231978:0:0:0:0:
448,192,231978,128,0,232311:0:0:0:0:
320,192,231978,128,0,232144:0:0:0:0:
64,192,232144,128,0,232228:0:0:0:0:
320,192,232228,128,0,232311:0:0:0:0:
64,192,232311,128,0,232561:0:0:0:0:
448,192,232478,128,0,232644:0:0:0:0:
320,192,232478,128,0,232644:0:0:0:0:
192,192,232644,128,0,232728:0:0:0:0:
192,192,232811,128,0,232978:0:0:0:0:
64,192,232894,128,0,232978:0:0:0:0:
448,192,232978,1,0,0:0:0:0:
320,192,232978,1,0,0:0:0:0:
448,192,233061,128,0,233228:0:0:0:0:
320,192,233061,1,0,0:0:0:0:
64,192,233144,128,0,233228:0:0:0:0:
192,192,233144,128,0,233228:0:0:0:0:
64,192,233311,128,0,233394:0:0:0:0:
448,192,233311,128,0,233478:0:0:0:0:
64,192,233478,128,0,233603:0:0:0:0:
192,192,233519,128,0,233644:0:0:0:0:
320,192,233561,128,0,233686:0:0:0:0:
448,192,233644,128,0,233894:0:0:0:0:
192,192,233728,128,0,233811:0:0:0:0:
64,192,233811,128,0,233894:0:0:0:0:
320,192,233853,128,0,233978:0:0:0:0:
64,192,233978,128,0,234144:0:0:0:0:
192,192,233978,128,0,234144:0:0:0:0:
448,192,234061,1,0,0:0:0:0:
64,192,234228,128,0,234394:0:0:0:0:
448,192,234311,1,0,0:0:0:0:
320,192,234311,128,0,234394:0:0:0:0:
448,192,234478,128,0,234644:0:0:0:0:
320,192,234561,128,0,234644:0:0:0:0:
64,192,234644,128,0,234811:0:0:0:0:
192,192,234644,128,0,234811:0:0:0:0:
448,192,234728,1,0,0:0:0:0:
320,192,234894,128,0,235061:0:0:0:0:
448,192,234894,128,0,235061:0:0:0:0:
64,192,234978,128,0,235144:0:0:0:0:
320,192,235144,128,0,235228:0:0:0:0:
192,192,235144,128,0,235228:0:0:0:0:
448,192,235311,128,0,235478:0:0:0:0:
320,192,235311,128,0,235478:0:0:0:0:
64,192,235394,1,0,0:0:0:0:
448,192,235561,128,0,235728:0:0:0:0:
64,192,235644,1,0,0:0:0:0:
192,192,235644,128,0,235728:0:0:0:0:
64,192,235811,128,0,235978:0:0:0:0:
192,192,235894,128,0,235978:0:0:0:0:
448,192,235978,128,0,236144:0:0:0:0:
320,192,235978,128,0,236144:0:0:0:0:
64,192,236061,1,0,0:0:0:0:
192,192,236228,128,0,236394:0:0:0:0:
64,192,236228,128,0,236394:0:0:0:0:
448,192,236311,128,0,236478:0:0:0:0:
64,192,236478,128,0,236644:0:0:0:0:
192,192,236478,128,0,236644:0:0:0:0:
320,192,236644,1,0,0:0:0:0:
448,192,236644,1,0,0:0:0:0:
192,192,236728,1,0,0:0:0:0:
448,192,236811,1,0,0:0:0:0:
320,192,236894,1,0,0:0:0:0:
192,192,236894,1,0,0:0:0:0:
64,192,236978,1,0,0:0:0:0:
320,192,237061,1,0,0:0:0:0:
64,192,237144,1,0,0:0:0:0:
448,192,237144,1,0,0:0:0:0:
192,192,237228,1,0,0:0:0:0:
320,192,237311,1,0,0:0:0:0:
448,192,237311,1,0,0:0:0:0:
192,192,237394,1,0,0:0:0:0:
448,192,237478,1,0,0:0:0:0:
320,192,237561,1,0,0:0:0:0:
192,192,237561,1,0,0:0:0:0:
64,192,237644,1,0,0:0:0:0:
320,192,237728,1,0,0:0:0:0:
448,192,237811,1,0,0:0:0:0:
64,192,237811,1,0,0:0:0:0:
192,192,237894,1,0,0:0:0:0:
448,192,237978,1,0,0:0:0:0:
320,192,237978,1,0,0:0:0:0:
192,192,238061,1,0,0:0:0:0:
448,192,238144,1,0,0:0:0:0:
192,192,238228,1,0,0:0:0:0:
320,192,238228,1,0,0:0:0:0:
64,192,238311,1,0,0:0:0:0:
320,192,238394,1,0,0:0:0:0:
64,192,238478,1,0,0:0:0:0:
448,192,238478,1,0,0:0:0:0:
192,192,238561,1,0,0:0:0:0:
448,192,238644,1,0,0:0:0:0:
320,192,238644,128,0,238811:0:0:0:0:
192,192,238811,128,0,238978:0:0:0:0:
64,192,238978,1,0,0:0:0:0:
448,192,238978,128,0,239144:0:0:0:0:
64,192,239144,128,0,239311:0:0:0:0:
448,192,239311,128,0,239478:0:0:0:0:
320,192,239311,1,0,0:0:0:0:
192,192,239478,128,0,239644:0:0:0:0:
448,192,239644,128,0,239811:0:0:0:0:
64,192,239811,128,0,239978:0:0:0:0:
448,192,240144,1,0,0:0:0:0:
320,192,240311,1,0,0:0:0:0:
448,192,240478,1,0,0:0:0:0:
64,192,240811,128,0,240894:0:0:0:0:
320,192,240978,128,0,241061:0:0:0:0:
448,192,241019,128,0,241103:0:0:0:0:
64,192,241144,1,0,0:0:0:0:
320,192,241311,128,0,241394:0:0:0:0:
448,192,241353,128,0,241436:0:0:0:0:
192,192,241478,128,0,241561:0:0:0:0:
64,192,241519,128,0,241603:0:0:0:0:
320,192,241811,128,0,241894:0:0:0:0:
192,192,241853,128,0,241936:0:0:0:0:
320,192,242144,128,0,242311:0:0:0:0:
192,192,242311,128,0,242478:0:0:0:0:
64,192,242478,128,0,242811:0:0:0:0:
448,192,242811,1,0,0:0:0:0:
320,192,242978,1,0,0:0:0:0:
448,192,243144,1,0,0:0:0:0:
192,192,243478,128,0,243561:0:0:0:0:
448,192,243644,128,0,243728:0:0:0:0:
320,192,243686,128,0,243769:0:0:0:0:
64,192,243811,1,0,0:0:0:0:
320,192,243978,128,0,244061:0:0:0:0:
448,192,244019,128,0,244103:0:0:0:0:
64,192,244144,128,0,244228:0:0:0:0:
192,192,244186,128,0,244269:0:0:0:0:
320,192,244478,128,0,244561:0:0:0:0:
192,192,244561,1,0,0:0:0:0:
64,192,244603,1,0,0:0:0:0:
448,192,244644,128,0,244811:0:0:0:0:
192,192,244811,128,0,244978:0:0:0:0:
448,192,244978,128,0,245144:0:0:0:0:
64,192,245144,128,0,245311:0:0:0:0:
448,192,245478,1,0,0:0:0:0:
320,192,245644,1,0,0:0:0:0:
448,192,245811,1,0,0:0:0:0:
192,192,246311,128,0,246394:0:0:0:0:
320,192,246644,128,0,246728:0:0:0:0:
448,192,246686,128,0,246769:0:0:0:0:
192,192,246811,128,0,246894:0:0:0:0:
320,192,246853,128,0,246936:0:0:0:0:
64,192,246978,1,0,0:0:0:0:
192,192,247144,1,0,0:0:0:0:
64,192,247311,128,0,247561:0:0:0:0:
448,192,247311,128,0,247394:0:0:0:0:
192,192,247394,1,0,0:0:0:0:
320,192,247436,1,0,0:0:0:0:
448,192,247478,1,0,0:0:0:0:
192,192,247561,1,0,0:0:0:0:
320,192,247644,1,0,0:0:0:0:
448,192,247769,1,0,0:0:0:0:
192,192,247894,1,0,0:0:0:0:
448,192,247978,128,0,248228:0:0:0:0:
320,192,247978,128,0,248144:0:0:0:0:
64,192,248061,1,0,0:0:0:0:
192,192,248228,1,0,0:0:0:0:
320,192,248311,1,0,0:0:0:0:
448,192,248394,1,0,0:0:0:0:
192,192,248478,1,0,0:0:0:0:
64,192,248478,1,0,0:0:0:0:
448,192,248561,1,0,0:0:0:0:
64,192,248644,128,0,248728:0:0:0:0:
192,192,248644,128,0,248728:0:0:0:0:
320,192,248728,1,0,0:0:0:0:
64,192,248811,1,0,0:0:0:0:
192,192,248853,1,0,0:0:0:0:
320,192,248894,128,0,249061:0:0:0:0:
448,192,248894,128,0,248978:0:0:0:0:
192,192,248978,128,0,249144:0:0:0:0:
64,192,249061,128,0,249228:0:0:0:0:
448,192,249144,128,0,249228:0:0:0:0:
320,192,249144,1,0,0:0:0:0:
448,192,249311,128,0,249811:0:0:0:0:
192,192,249811,128,0,249894:0:0:0:0:
320,192,249894,128,0,249978:0:0:0:0:
448,192,249978,128,0,250394:0:0:0:0:
64,192,250019,128,0,252978:0:0:0:0:
192,192,250144,128,0,252894:0:0:0:0:
320,192,250311,128,0,252728:0:0:0:0:
448,192,250478,128,0,252561:0:0:0:0:
448,192,252644,128,0,252811:0:0:0:0:
320,192,252811,128,0,252978:0:0:0:0:
192,192,252978,128,0,253144:0:0:0:0:
320,192,253144,128,0,253269:0:0:0:0:
448,192,253186,128,0,253311:0:0:0:0:
192,192,253228,128,0,253353:0:0:0:0:
64,192,253311,128,0,253978:0:0:0:0:
